81
0.0962807804
0.1831369269
0.2520663538
0.2963217708
0.3115711465
0.2963217710
0.2520663548
0.1831369272
0.0962807798
0.1831369252
0.3483471351
0.4794586975
0.5636375031
0.5926435422
0.5636375038
0.4794586984
0.3483471359
0.1831369240
0.2520663527
0.4794586972
0.6599182831
0.7757804690
0.8157038573
0.7757804691
0.6599182819
0.4794586981
0.2520663522
0.2963217714
0.5636375043
0.7757804700
0.9119846360
0.9589173944
0.9119846377
0.7757804679
0.5636375022
0.2963217699
0.3115711463
0.5926435425
0.8157038581
0.9589173935
1.0082654168
0.9589173953
0.8157038579
0.5926435434
0.3115711500
0.2963217708
0.5636375029
0.7757804687
0.9119846359
0.9589173959
0.9119846379
0.7757804684
0.5636375021
0.2963217738
0.2520663542
0.4794586974
0.6599182837
0.7757804688
0.8157038586
0.7757804690
0.6599182804
0.4794586957
0.2520663563
0.1831369273
0.3483471346
0.4794586979
0.5636375013
0.5926435427
0.5636375033
0.4794586953
0.3483471336
0.1831369272
0.0962807819
0.1831369251
0.2520663527
0.2963217701
0.3115711500
0.2963217737
0.2520663540
0.1831369272
0.0962807819
