1521 1521 7449
12800.0 0 0
-3200.0 1 3
-3200.0 39 7
-3200.0 0 11
12800.0 1 15
-3200.0 2 19
-3200.0 40 23
-3200.0 1 27
12800.0 2 31
-3200.0 3 35
-3200.0 41 39
-3200.0 2 43
12800.0 3 47
-3200.0 4 51
-3200.0 42 55
-3200.0 3 59
12800.0 4 63
-3200.0 5 67
-3200.0 43 71
-3200.0 4 75
12800.0 5 79
-3200.0 6 83
-3200.0 44 87
-3200.0 5 91
12800.0 6 95
-3200.0 7 99
-3200.0 45 103
-3200.0 6 107
12800.0 7 111
-3200.0 8 115
-3200.0 46 119
-3200.0 7 123
12800.0 8 127
-3200.0 9 131
-3200.0 47 135
-3200.0 8 139
12800.0 9 143
-3200.0 10 147
-3200.0 48 151
-3200.0 9 154
12800.0 10 158
-3200.0 11 163
-3200.0 49 168
-3200.0 10 173
12800.0 11 178
-3200.0 12 183
-3200.0 50 188
-3200.0 11 193
12800.0 12 198
-3200.0 13 203
-3200.0 51 208
-3200.0 12 213
12800.0 13 218
-3200.0 14 223
-3200.0 52 228
-3200.0 13 233
12800.0 14 238
-3200.0 15 243
-3200.0 53 248
-3200.0 14 253
12800.0 15 258
-3200.0 16 263
-3200.0 54 268
-3200.0 15 273
12800.0 16 278
-3200.0 17 283
-3200.0 55 288
-3200.0 16 293
12800.0 17 298
-3200.0 18 303
-3200.0 56 308
-3200.0 17 313
12800.0 18 318
-3200.0 19 323
-3200.0 57 328
-3200.0 18 333
12800.0 19 338
-3200.0 20 343
-3200.0 58 347
-3200.0 19 351
12800.0 20 356
-3200.0 21 361
-3200.0 59 366
-3200.0 20 371
12800.0 21 376
-3200.0 22 381
-3200.0 60 386
-3200.0 21 391
12800.0 22 396
-3200.0 23 401
-3200.0 61 406
-3200.0 22 411
12800.0 23 416
-3200.0 24 421
-3200.0 62 426
-3200.0 23 431
12800.0 24 436
-3200.0 25 441
-3200.0 63 446
-3200.0 24 451
12800.0 25 456
-3200.0 26 461
-3200.0 64 466
-3200.0 25 471
12800.0 26 476
-3200.0 27 481
-3200.0 65 486
-3200.0 26 491
12800.0 27 496
-3200.0 28 501
-3200.0 66 506
-3200.0 27 511
12800.0 28 516
-3200.0 29 521
-3200.0 67 526
-3200.0 28 531
12800.0 29 536
-3200.0 30 540
-3200.0 68 544
-3200.0 29 549
12800.0 30 554
-3200.0 31 559
-3200.0 69 564
-3200.0 30 569
12800.0 31 574
-3200.0 32 579
-3200.0 70 584
-3200.0 31 589
12800.0 32 594
-3200.0 33 599
-3200.0 71 604
-3200.0 32 609
12800.0 33 614
-3200.0 34 619
-3200.0 72 624
-3200.0 33 629
12800.0 34 634
-3200.0 35 639
-3200.0 73 644
-3200.0 34 649
12800.0 35 654
-3200.0 36 659
-3200.0 74 664
-3200.0 35 669
12800.0 36 674
-3200.0 37 679
-3200.0 75 684
-3200.0 36 689
12800.0 37 694
-3200.0 38 699
-3200.0 76 704
-3200.0 37 709
12800.0 38 714
-3200.0 77 719
-3200.0 0 724
12800.0 39 729
-3200.0 40 733
-3200.0 78 737
-3200.0 1 742
-3200.0 39 747
12800.0 40 752
-3200.0 41 757
-3200.0 79 762
-3200.0 2 767
-3200.0 40 772
12800.0 41 777
-3200.0 42 782
-3200.0 80 787
-3200.0 3 792
-3200.0 41 797
12800.0 42 802
-3200.0 43 807
-3200.0 81 812
-3200.0 4 817
-3200.0 42 822
12800.0 43 827
-3200.0 44 832
-3200.0 82 837
-3200.0 5 842
-3200.0 43 847
12800.0 44 852
-3200.0 45 857
-3200.0 83 862
-3200.0 6 867
-3200.0 44 872
12800.0 45 877
-3200.0 46 882
-3200.0 84 887
-3200.0 7 892
-3200.0 45 897
12800.0 46 902
-3200.0 47 907
-3200.0 85 912
-3200.0 8 917
-3200.0 46 922
12800.0 47 926
-3200.0 48 930
-3200.0 86 935
-3200.0 9 940
-3200.0 47 945
12800.0 48 950
-3200.0 49 955
-3200.0 87 960
-3200.0 10 965
-3200.0 48 970
12800.0 49 975
-3200.0 50 980
-3200.0 88 985
-3200.0 11 990
-3200.0 49 995
12800.0 50 1000
-3200.0 51 1005
-3200.0 89 1010
-3200.0 12 1015
-3200.0 50 1020
12800.0 51 1025
-3200.0 52 1030
-3200.0 90 1035
-3200.0 13 1040
-3200.0 51 1045
12800.0 52 1050
-3200.0 53 1055
-3200.0 91 1060
-3200.0 14 1065
-3200.0 52 1070
12800.0 53 1075
-3200.0 54 1080
-3200.0 92 1085
-3200.0 15 1090
-3200.0 53 1095
12800.0 54 1100
-3200.0 55 1105
-3200.0 93 1110
-3200.0 16 1115
-3200.0 54 1119
12800.0 55 1123
-3200.0 56 1128
-3200.0 94 1133
-3200.0 17 1138
-3200.0 55 1143
12800.0 56 1148
-3200.0 57 1153
-3200.0 95 1158
-3200.0 18 1163
-3200.0 56 1168
12800.0 57 1173
-3200.0 58 1178
-3200.0 96 1183
-3200.0 19 1188
-3200.0 57 1193
12800.0 58 1198
-3200.0 59 1203
-3200.0 97 1208
-3200.0 20 1213
-3200.0 58 1218
12800.0 59 1223
-3200.0 60 1228
-3200.0 98 1233
-3200.0 21 1238
-3200.0 59 1243
12800.0 60 1248
-3200.0 61 1253
-3200.0 99 1258
-3200.0 22 1263
-3200.0 60 1268
12800.0 61 1273
-3200.0 62 1278
-3200.0 100 1283
-3200.0 23 1288
-3200.0 61 1293
12800.0 62 1298
-3200.0 63 1303
-3200.0 101 1308
-3200.0 24 1312
-3200.0 62 1316
12800.0 63 1321
-3200.0 64 1326
-3200.0 102 1331
-3200.0 25 1336
-3200.0 63 1341
12800.0 64 1346
-3200.0 65 1351
-3200.0 103 1356
-3200.0 26 1361
-3200.0 64 1366
12800.0 65 1371
-3200.0 66 1376
-3200.0 104 1381
-3200.0 27 1386
-3200.0 65 1391
12800.0 66 1396
-3200.0 67 1401
-3200.0 105 1406
-3200.0 28 1411
-3200.0 66 1416
12800.0 67 1421
-3200.0 68 1426
-3200.0 106 1431
-3200.0 29 1436
-3200.0 67 1441
12800.0 68 1446
-3200.0 69 1451
-3200.0 107 1456
-3200.0 30 1461
-3200.0 68 1466
12800.0 69 1471
-3200.0 70 1476
-3200.0 108 1481
-3200.0 31 1486
-3200.0 69 1491
12800.0 70 1496
-3200.0 71 1501
-3200.0 109 1505
-3200.0 32 1509
-3200.0 70 1514
12800.0 71 1519
-3200.0 72 1524
-3200.0 110 1529
-3200.0 33 1534
-3200.0 71 1539
12800.0 72 1544
-3200.0 73 1549
-3200.0 111 1554
-3200.0 34 1559
-3200.0 72 1564
12800.0 73 1569
-3200.0 74 1574
-3200.0 112 1579
-3200.0 35 1584
-3200.0 73 1589
12800.0 74 1594
-3200.0 75 1599
-3200.0 113 1604
-3200.0 36 1609
-3200.0 74 1614
12800.0 75 1619
-3200.0 76 1624
-3200.0 114 1629
-3200.0 37 1634
-3200.0 75 1639
12800.0 76 1644
-3200.0 77 1649
-3200.0 115 1654
-3200.0 38 1659
-3200.0 76 1664
12800.0 77 1669
-3200.0 116 1674
-3200.0 39 1679
12800.0 78 1684
-3200.0 79 1689
-3200.0 117 1694
-3200.0 40 1698
-3200.0 78 1702
12800.0 79 1707
-3200.0 80 1712
-3200.0 118 1717
-3200.0 41 1722
-3200.0 79 1727
12800.0 80 1732
-3200.0 81 1737
-3200.0 119 1742
-3200.0 42 1747
-3200.0 80 1752
12800.0 81 1757
-3200.0 82 1762
-3200.0 120 1767
-3200.0 43 1772
-3200.0 81 1777
12800.0 82 1782
-3200.0 83 1787
-3200.0 121 1792
-3200.0 44 1797
-3200.0 82 1802
12800.0 83 1807
-3200.0 84 1812
-3200.0 122 1817
-3200.0 45 1822
-3200.0 83 1827
12800.0 84 1832
-3200.0 85 1837
-3200.0 123 1842
-3200.0 46 1847
-3200.0 84 1852
12800.0 85 1857
-3200.0 86 1862
-3200.0 124 1867
-3200.0 47 1872
-3200.0 85 1877
12800.0 86 1882
-3200.0 87 1887
-3200.0 125 1891
-3200.0 48 1895
-3200.0 86 1900
12800.0 87 1905
-3200.0 88 1910
-3200.0 126 1915
-3200.0 49 1920
-3200.0 87 1925
12800.0 88 1930
-3200.0 89 1935
-3200.0 127 1940
-3200.0 50 1945
-3200.0 88 1950
12800.0 89 1955
-3200.0 90 1960
-3200.0 128 1965
-3200.0 51 1970
-3200.0 89 1975
12800.0 90 1980
-3200.0 91 1985
-3200.0 129 1990
-3200.0 52 1995
-3200.0 90 2000
12800.0 91 2005
-3200.0 92 2010
-3200.0 130 2015
-3200.0 53 2020
-3200.0 91 2025
12800.0 92 2030
-3200.0 93 2035
-3200.0 131 2040
-3200.0 54 2045
-3200.0 92 2050
12800.0 93 2055
-3200.0 94 2060
-3200.0 132 2065
-3200.0 55 2070
-3200.0 93 2075
12800.0 94 2080
-3200.0 95 2084
-3200.0 133 2088
-3200.0 56 2093
-3200.0 94 2098
12800.0 95 2103
-3200.0 96 2108
-3200.0 134 2113
-3200.0 57 2118
-3200.0 95 2123
12800.0 96 2128
-3200.0 97 2133
-3200.0 135 2138
-3200.0 58 2143
-3200.0 96 2148
12800.0 97 2153
-3200.0 98 2158
-3200.0 136 2163
-3200.0 59 2168
-3200.0 97 2173
12800.0 98 2178
-3200.0 99 2183
-3200.0 137 2188
-3200.0 60 2193
-3200.0 98 2198
12800.0 99 2203
-3200.0 100 2208
-3200.0 138 2213
-3200.0 61 2218
-3200.0 99 2223
12800.0 100 2228
-3200.0 101 2233
-3200.0 139 2238
-3200.0 62 2243
-3200.0 100 2248
12800.0 101 2253
-3200.0 102 2258
-3200.0 140 2263
-3200.0 63 2268
-3200.0 101 2273
12800.0 102 2277
-3200.0 103 2281
-3200.0 141 2286
-3200.0 64 2291
-3200.0 102 2296
12800.0 103 2301
-3200.0 104 2306
-3200.0 142 2311
-3200.0 65 2316
-3200.0 103 2321
12800.0 104 2326
-3200.0 105 2331
-3200.0 143 2336
-3200.0 66 2341
-3200.0 104 2346
12800.0 105 2351
-3200.0 106 2356
-3200.0 144 2361
-3200.0 67 2366
-3200.0 105 2371
12800.0 106 2376
-3200.0 107 2381
-3200.0 145 2386
-3200.0 68 2391
-3200.0 106 2396
12800.0 107 2401
-3200.0 108 2406
-3200.0 146 2411
-3200.0 69 2416
-3200.0 107 2421
12800.0 108 2426
-3200.0 109 2431
-3200.0 147 2436
-3200.0 70 2441
-3200.0 108 2446
12800.0 109 2451
-3200.0 110 2456
-3200.0 148 2461
-3200.0 71 2466
-3200.0 109 2470
12800.0 110 2474
-3200.0 111 2479
-3200.0 149 2484
-3200.0 72 2489
-3200.0 110 2494
12800.0 111 2499
-3200.0 112 2504
-3200.0 150 2509
-3200.0 73 2514
-3200.0 111 2519
12800.0 112 2524
-3200.0 113 2529
-3200.0 151 2534
-3200.0 74 2539
-3200.0 112 2544
12800.0 113 2549
-3200.0 114 2554
-3200.0 152 2559
-3200.0 75 2564
-3200.0 113 2569
12800.0 114 2574
-3200.0 115 2579
-3200.0 153 2584
-3200.0 76 2589
-3200.0 114 2594
12800.0 115 2599
-3200.0 116 2604
-3200.0 154 2609
-3200.0 77 2614
-3200.0 115 2619
12800.0 116 2624
-3200.0 155 2629
-3200.0 78 2634
12800.0 117 2639
-3200.0 118 2644
-3200.0 156 2649
-3200.0 79 2654
-3200.0 117 2659
12800.0 118 2663
-3200.0 119 2667
-3200.0 157 2672
-3200.0 80 2677
-3200.0 118 2682
12800.0 119 2687
-3200.0 120 2692
-3200.0 158 2697
-3200.0 81 2702
-3200.0 119 2707
12800.0 120 2712
-3200.0 121 2717
-3200.0 159 2722
-3200.0 82 2727
-3200.0 120 2732
12800.0 121 2737
-3200.0 122 2742
-3200.0 160 2747
-3200.0 83 2752
-3200.0 121 2757
12800.0 122 2762
-3200.0 123 2767
-3200.0 161 2772
-3200.0 84 2777
-3200.0 122 2782
12800.0 123 2787
-3200.0 124 2792
-3200.0 162 2797
-3200.0 85 2802
-3200.0 123 2807
12800.0 124 2812
-3200.0 125 2817
-3200.0 163 2822
-3200.0 86 2827
-3200.0 124 2832
12800.0 125 2837
-3200.0 126 2842
-3200.0 164 2847
-3200.0 87 2852
-3200.0 125 2856
12800.0 126 2860
-3200.0 127 2865
-3200.0 165 2870
-3200.0 88 2875
-3200.0 126 2880
12800.0 127 2885
-3200.0 128 2890
-3200.0 166 2895
-3200.0 89 2900
-3200.0 127 2905
12800.0 128 2910
-3200.0 129 2915
-3200.0 167 2920
-3200.0 90 2925
-3200.0 128 2930
12800.0 129 2935
-3200.0 130 2940
-3200.0 168 2945
-3200.0 91 2950
-3200.0 129 2955
12800.0 130 2960
-3200.0 131 2965
-3200.0 169 2970
-3200.0 92 2975
-3200.0 130 2980
12800.0 131 2985
-3200.0 132 2990
-3200.0 170 2995
-3200.0 93 3000
-3200.0 131 3005
12800.0 132 3010
-3200.0 133 3015
-3200.0 171 3020
-3200.0 94 3025
-3200.0 132 3030
12800.0 133 3035
-3200.0 134 3040
-3200.0 172 3045
-3200.0 95 3049
-3200.0 133 3053
12800.0 134 3058
-3200.0 135 3063
-3200.0 173 3068
-3200.0 96 3073
-3200.0 134 3078
12800.0 135 3083
-3200.0 136 3088
-3200.0 174 3093
-3200.0 97 3098
-3200.0 135 3103
12800.0 136 3108
-3200.0 137 3113
-3200.0 175 3118
-3200.0 98 3123
-3200.0 136 3128
12800.0 137 3133
-3200.0 138 3138
-3200.0 176 3143
-3200.0 99 3148
-3200.0 137 3153
12800.0 138 3158
-3200.0 139 3163
-3200.0 177 3168
-3200.0 100 3173
-3200.0 138 3178
12800.0 139 3183
-3200.0 140 3188
-3200.0 178 3193
-3200.0 101 3198
-3200.0 139 3203
12800.0 140 3208
-3200.0 141 3213
-3200.0 179 3218
-3200.0 102 3223
-3200.0 140 3228
12800.0 141 3233
-3200.0 142 3238
-3200.0 180 3242
-3200.0 103 3246
-3200.0 141 3251
12800.0 142 3256
-3200.0 143 3261
-3200.0 181 3266
-3200.0 104 3271
-3200.0 142 3276
12800.0 143 3281
-3200.0 144 3286
-3200.0 182 3291
-3200.0 105 3296
-3200.0 143 3301
12800.0 144 3306
-3200.0 145 3311
-3200.0 183 3316
-3200.0 106 3321
-3200.0 144 3326
12800.0 145 3331
-3200.0 146 3336
-3200.0 184 3341
-3200.0 107 3346
-3200.0 145 3351
12800.0 146 3356
-3200.0 147 3361
-3200.0 185 3366
-3200.0 108 3371
-3200.0 146 3376
12800.0 147 3381
-3200.0 148 3386
-3200.0 186 3391
-3200.0 109 3396
-3200.0 147 3401
12800.0 148 3406
-3200.0 149 3411
-3200.0 187 3416
-3200.0 110 3421
-3200.0 148 3426
12800.0 149 3431
-3200.0 150 3435
-3200.0 188 3439
-3200.0 111 3444
-3200.0 149 3449
12800.0 150 3454
-3200.0 151 3459
-3200.0 189 3464
-3200.0 112 3469
-3200.0 150 3474
12800.0 151 3479
-3200.0 152 3484
-3200.0 190 3489
-3200.0 113 3494
-3200.0 151 3499
12800.0 152 3504
-3200.0 153 3509
-3200.0 191 3514
-3200.0 114 3519
-3200.0 152 3524
12800.0 153 3529
-3200.0 154 3534
-3200.0 192 3539
-3200.0 115 3544
-3200.0 153 3549
12800.0 154 3554
-3200.0 155 3559
-3200.0 193 3564
-3200.0 116 3569
-3200.0 154 3574
12800.0 155 3579
-3200.0 194 3584
-3200.0 117 3589
12800.0 156 3594
-3200.0 157 3599
-3200.0 195 3604
-3200.0 118 3609
-3200.0 156 3614
12800.0 157 3619
-3200.0 158 3624
-3200.0 196 3628
-3200.0 119 3632
-3200.0 157 3637
12800.0 158 3642
-3200.0 159 3647
-3200.0 197 3652
-3200.0 120 3657
-3200.0 158 3662
12800.0 159 3667
-3200.0 160 3672
-3200.0 198 3677
-3200.0 121 3682
-3200.0 159 3687
12800.0 160 3692
-3200.0 161 3697
-3200.0 199 3702
-3200.0 122 3707
-3200.0 160 3712
12800.0 161 3717
-3200.0 162 3722
-3200.0 200 3727
-3200.0 123 3732
-3200.0 161 3737
12800.0 162 3742
-3200.0 163 3747
-3200.0 201 3752
-3200.0 124 3757
-3200.0 162 3762
12800.0 163 3767
-3200.0 164 3772
-3200.0 202 3777
-3200.0 125 3782
-3200.0 163 3787
12800.0 164 3792
-3200.0 165 3797
-3200.0 203 3802
-3200.0 126 3807
-3200.0 164 3812
12800.0 165 3817
-3200.0 166 3821
-3200.0 204 3825
-3200.0 127 3830
-3200.0 165 3835
12800.0 166 3840
-3200.0 167 3845
-3200.0 205 3850
-3200.0 128 3855
-3200.0 166 3860
12800.0 167 3865
-3200.0 168 3870
-3200.0 206 3875
-3200.0 129 3880
-3200.0 167 3885
12800.0 168 3890
-3200.0 169 3895
-3200.0 207 3900
-3200.0 130 3905
-3200.0 168 3910
12800.0 169 3915
-3200.0 170 3920
-3200.0 208 3925
-3200.0 131 3930
-3200.0 169 3935
12800.0 170 3940
-3200.0 171 3945
-3200.0 209 3950
-3200.0 132 3955
-3200.0 170 3960
12800.0 171 3965
-3200.0 172 3970
-3200.0 210 3975
-3200.0 133 3980
-3200.0 171 3985
12800.0 172 3990
-3200.0 173 3995
-3200.0 211 4000
-3200.0 134 4005
-3200.0 172 4010
12800.0 173 4014
-3200.0 174 4018
-3200.0 212 4023
-3200.0 135 4028
-3200.0 173 4033
12800.0 174 4038
-3200.0 175 4043
-3200.0 213 4048
-3200.0 136 4053
-3200.0 174 4058
12800.0 175 4063
-3200.0 176 4068
-3200.0 214 4073
-3200.0 137 4078
-3200.0 175 4083
12800.0 176 4088
-3200.0 177 4093
-3200.0 215 4098
-3200.0 138 4103
-3200.0 176 4108
12800.0 177 4113
-3200.0 178 4118
-3200.0 216 4123
-3200.0 139 4128
-3200.0 177 4133
12800.0 178 4138
-3200.0 179 4143
-3200.0 217 4148
-3200.0 140 4153
-3200.0 178 4158
12800.0 179 4163
-3200.0 180 4168
-3200.0 218 4173
-3200.0 141 4178
-3200.0 179 4183
12800.0 180 4188
-3200.0 181 4193
-3200.0 219 4198
-3200.0 142 4203
-3200.0 180 4207
12800.0 181 4211
-3200.0 182 4216
-3200.0 220 4221
-3200.0 143 4226
-3200.0 181 4231
12800.0 182 4236
-3200.0 183 4241
-3200.0 221 4246
-3200.0 144 4251
-3200.0 182 4256
12800.0 183 4261
-3200.0 184 4266
-3200.0 222 4271
-3200.0 145 4276
-3200.0 183 4281
12800.0 184 4286
-3200.0 185 4291
-3200.0 223 4296
-3200.0 146 4301
-3200.0 184 4306
12800.0 185 4311
-3200.0 186 4316
-3200.0 224 4321
-3200.0 147 4326
-3200.0 185 4331
12800.0 186 4336
-3200.0 187 4341
-3200.0 225 4346
-3200.0 148 4351
-3200.0 186 4356
12800.0 187 4361
-3200.0 188 4366
-3200.0 226 4371
-3200.0 149 4376
-3200.0 187 4381
12800.0 188 4386
-3200.0 189 4391
-3200.0 227 4396
-3200.0 150 4400
-3200.0 188 4404
12800.0 189 4409
-3200.0 190 4414
-3200.0 228 4419
-3200.0 151 4424
-3200.0 189 4429
12800.0 190 4434
-3200.0 191 4439
-3200.0 229 4444
-3200.0 152 4449
-3200.0 190 4454
12800.0 191 4459
-3200.0 192 4464
-3200.0 230 4469
-3200.0 153 4474
-3200.0 191 4479
12800.0 192 4484
-3200.0 193 4489
-3200.0 231 4494
-3200.0 154 4499
-3200.0 192 4504
12800.0 193 4509
-3200.0 194 4514
-3200.0 232 4519
-3200.0 155 4524
-3200.0 193 4529
12800.0 194 4534
-3200.0 233 4539
-3200.0 156 4544
12800.0 195 4549
-3200.0 196 4554
-3200.0 234 4559
-3200.0 157 4564
-3200.0 195 4569
12800.0 196 4574
-3200.0 197 4579
-3200.0 235 4584
-3200.0 158 4589
-3200.0 196 4593
12800.0 197 4597
-3200.0 198 4602
-3200.0 236 4607
-3200.0 159 4612
-3200.0 197 4617
12800.0 198 4622
-3200.0 199 4627
-3200.0 237 4632
-3200.0 160 4637
-3200.0 198 4642
12800.0 199 4647
-3200.0 200 4652
-3200.0 238 4657
-3200.0 161 4662
-3200.0 199 4667
12800.0 200 4672
-3200.0 201 4677
-3200.0 239 4682
-3200.0 162 4687
-3200.0 200 4692
12800.0 201 4697
-3200.0 202 4702
-3200.0 240 4707
-3200.0 163 4712
-3200.0 201 4717
12800.0 202 4722
-3200.0 203 4727
-3200.0 241 4732
-3200.0 164 4737
-3200.0 202 4742
12800.0 203 4747
-3200.0 204 4752
-3200.0 242 4757
-3200.0 165 4762
-3200.0 203 4767
12800.0 204 4772
-3200.0 205 4777
-3200.0 243 4782
-3200.0 166 4786
-3200.0 204 4790
12800.0 205 4795
-3200.0 206 4800
-3200.0 244 4805
-3200.0 167 4810
-3200.0 205 4815
12800.0 206 4820
-3200.0 207 4825
-3200.0 245 4830
-3200.0 168 4835
-3200.0 206 4840
12800.0 207 4845
-3200.0 208 4850
-3200.0 246 4855
-3200.0 169 4860
-3200.0 207 4865
12800.0 208 4870
-3200.0 209 4875
-3200.0 247 4880
-3200.0 170 4885
-3200.0 208 4890
12800.0 209 4895
-3200.0 210 4900
-3200.0 248 4905
-3200.0 171 4910
-3200.0 209 4915
12800.0 210 4920
-3200.0 211 4925
-3200.0 249 4930
-3200.0 172 4935
-3200.0 210 4940
12800.0 211 4945
-3200.0 212 4950
-3200.0 250 4955
-3200.0 173 4960
-3200.0 211 4965
12800.0 212 4970
-3200.0 213 4975
-3200.0 251 4979
-3200.0 174 4983
-3200.0 212 4988
12800.0 213 4993
-3200.0 214 4998
-3200.0 252 5003
-3200.0 175 5008
-3200.0 213 5013
12800.0 214 5018
-3200.0 215 5023
-3200.0 253 5028
-3200.0 176 5033
-3200.0 214 5038
12800.0 215 5043
-3200.0 216 5048
-3200.0 254 5053
-3200.0 177 5058
-3200.0 215 5063
12800.0 216 5068
-3200.0 217 5073
-3200.0 255 5078
-3200.0 178 5083
-3200.0 216 5088
12800.0 217 5093
-3200.0 218 5098
-3200.0 256 5103
-3200.0 179 5108
-3200.0 217 5113
12800.0 218 5118
-3200.0 219 5123
-3200.0 257 5128
-3200.0 180 5133
-3200.0 218 5138
12800.0 219 5143
-3200.0 220 5148
-3200.0 258 5153
-3200.0 181 5158
-3200.0 219 5163
12800.0 220 5168
-3200.0 221 5172
-3200.0 259 5176
-3200.0 182 5181
-3200.0 220 5186
12800.0 221 5191
-3200.0 222 5196
-3200.0 260 5201
-3200.0 183 5206
-3200.0 221 5211
12800.0 222 5216
-3200.0 223 5221
-3200.0 261 5226
-3200.0 184 5231
-3200.0 222 5236
12800.0 223 5241
-3200.0 224 5246
-3200.0 262 5251
-3200.0 185 5256
-3200.0 223 5261
12800.0 224 5266
-3200.0 225 5271
-3200.0 263 5276
-3200.0 186 5281
-3200.0 224 5286
12800.0 225 5291
-3200.0 226 5296
-3200.0 264 5301
-3200.0 187 5306
-3200.0 225 5311
12800.0 226 5316
-3200.0 227 5321
-3200.0 265 5326
-3200.0 188 5331
-3200.0 226 5336
12800.0 227 5341
-3200.0 228 5346
-3200.0 266 5351
-3200.0 189 5356
-3200.0 227 5361
12800.0 228 5365
-3200.0 229 5369
-3200.0 267 5374
-3200.0 190 5379
-3200.0 228 5384
12800.0 229 5389
-3200.0 230 5394
-3200.0 268 5399
-3200.0 191 5404
-3200.0 229 5409
12800.0 230 5414
-3200.0 231 5419
-3200.0 269 5424
-3200.0 192 5429
-3200.0 230 5434
12800.0 231 5439
-3200.0 232 5444
-3200.0 270 5449
-3200.0 193 5454
-3200.0 231 5459
12800.0 232 5464
-3200.0 233 5469
-3200.0 271 5474
-3200.0 194 5479
-3200.0 232 5484
12800.0 233 5489
-3200.0 272 5494
-3200.0 195 5499
12800.0 234 5504
-3200.0 235 5509
-3200.0 273 5514
-3200.0 196 5519
-3200.0 234 5524
12800.0 235 5529
-3200.0 236 5534
-3200.0 274 5539
-3200.0 197 5544
-3200.0 235 5549
12800.0 236 5554
-3200.0 237 5558
-3200.0 275 5562
-3200.0 198 5567
-3200.0 236 5572
12800.0 237 5577
-3200.0 238 5582
-3200.0 276 5587
-3200.0 199 5592
-3200.0 237 5597
12800.0 238 5602
-3200.0 239 5607
-3200.0 277 5612
-3200.0 200 5617
-3200.0 238 5622
12800.0 239 5627
-3200.0 240 5632
-3200.0 278 5637
-3200.0 201 5642
-3200.0 239 5647
12800.0 240 5652
-3200.0 241 5657
-3200.0 279 5662
-3200.0 202 5667
-3200.0 240 5672
12800.0 241 5677
-3200.0 242 5682
-3200.0 280 5687
-3200.0 203 5692
-3200.0 241 5697
12800.0 242 5702
-3200.0 243 5707
-3200.0 281 5712
-3200.0 204 5717
-3200.0 242 5722
12800.0 243 5727
-3200.0 244 5732
-3200.0 282 5737
-3200.0 205 5742
-3200.0 243 5747
12800.0 244 5751
-3200.0 245 5755
-3200.0 283 5760
-3200.0 206 5765
-3200.0 244 5770
12800.0 245 5775
-3200.0 246 5780
-3200.0 284 5785
-3200.0 207 5790
-3200.0 245 5795
12800.0 246 5800
-3200.0 247 5805
-3200.0 285 5810
-3200.0 208 5815
-3200.0 246 5820
12800.0 247 5825
-3200.0 248 5830
-3200.0 286 5835
-3200.0 209 5840
-3200.0 247 5845
12800.0 248 5850
-3200.0 249 5855
-3200.0 287 5860
-3200.0 210 5865
-3200.0 248 5870
12800.0 249 5875
-3200.0 250 5880
-3200.0 288 5885
-3200.0 211 5890
-3200.0 249 5895
12800.0 250 5900
-3200.0 251 5905
-3200.0 289 5910
-3200.0 212 5915
-3200.0 250 5920
12800.0 251 5925
-3200.0 252 5930
-3200.0 290 5935
-3200.0 213 5940
-3200.0 251 5944
12800.0 252 5948
-3200.0 253 5953
-3200.0 291 5958
-3200.0 214 5963
-3200.0 252 5968
12800.0 253 5973
-3200.0 254 5978
-3200.0 292 5983
-3200.0 215 5988
-3200.0 253 5993
12800.0 254 5998
-3200.0 255 6003
-3200.0 293 6008
-3200.0 216 6013
-3200.0 254 6018
12800.0 255 6023
-3200.0 256 6028
-3200.0 294 6033
-3200.0 217 6038
-3200.0 255 6043
12800.0 256 6048
-3200.0 257 6053
-3200.0 295 6058
-3200.0 218 6063
-3200.0 256 6068
12800.0 257 6073
-3200.0 258 6078
-3200.0 296 6083
-3200.0 219 6088
-3200.0 257 6093
12800.0 258 6098
-3200.0 259 6103
-3200.0 297 6108
-3200.0 220 6113
-3200.0 258 6118
12800.0 259 6123
-3200.0 260 6128
-3200.0 298 6133
-3200.0 221 6137
-3200.0 259 6141
12800.0 260 6146
-3200.0 261 6151
-3200.0 299 6156
-3200.0 222 6161
-3200.0 260 6166
12800.0 261 6171
-3200.0 262 6176
-3200.0 300 6181
-3200.0 223 6186
-3200.0 261 6191
12800.0 262 6196
-3200.0 263 6201
-3200.0 301 6206
-3200.0 224 6211
-3200.0 262 6216
12800.0 263 6221
-3200.0 264 6226
-3200.0 302 6231
-3200.0 225 6236
-3200.0 263 6241
12800.0 264 6246
-3200.0 265 6251
-3200.0 303 6256
-3200.0 226 6261
-3200.0 264 6266
12800.0 265 6271
-3200.0 266 6276
-3200.0 304 6281
-3200.0 227 6286
-3200.0 265 6291
12800.0 266 6296
-3200.0 267 6301
-3200.0 305 6306
-3200.0 228 6311
-3200.0 266 6316
12800.0 267 6321
-3200.0 268 6326
-3200.0 306 6330
-3200.0 229 6334
-3200.0 267 6339
12800.0 268 6344
-3200.0 269 6349
-3200.0 307 6354
-3200.0 230 6359
-3200.0 268 6364
12800.0 269 6369
-3200.0 270 6374
-3200.0 308 6379
-3200.0 231 6384
-3200.0 269 6389
12800.0 270 6394
-3200.0 271 6399
-3200.0 309 6404
-3200.0 232 6409
-3200.0 270 6414
12800.0 271 6419
-3200.0 272 6424
-3200.0 310 6429
-3200.0 233 6434
-3200.0 271 6439
12800.0 272 6444
-3200.0 311 6449
-3200.0 234 6454
12800.0 273 6459
-3200.0 274 6464
-3200.0 312 6469
-3200.0 235 6474
-3200.0 273 6479
12800.0 274 6484
-3200.0 275 6489
-3200.0 313 6494
-3200.0 236 6499
-3200.0 274 6504
12800.0 275 6509
-3200.0 276 6514
-3200.0 314 6519
-3200.0 237 6523
-3200.0 275 6527
12800.0 276 6532
-3200.0 277 6537
-3200.0 315 6542
-3200.0 238 6547
-3200.0 276 6552
12800.0 277 6557
-3200.0 278 6562
-3200.0 316 6567
-3200.0 239 6572
-3200.0 277 6577
12800.0 278 6582
-3200.0 279 6587
-3200.0 317 6592
-3200.0 240 6597
-3200.0 278 6602
12800.0 279 6607
-3200.0 280 6612
-3200.0 318 6617
-3200.0 241 6622
-3200.0 279 6627
12800.0 280 6632
-3200.0 281 6637
-3200.0 319 6642
-3200.0 242 6647
-3200.0 280 6652
12800.0 281 6657
-3200.0 282 6662
-3200.0 320 6667
-3200.0 243 6672
-3200.0 281 6677
12800.0 282 6682
-3200.0 283 6687
-3200.0 321 6692
-3200.0 244 6697
-3200.0 282 6702
12800.0 283 6707
-3200.0 284 6712
-3200.0 322 6716
-3200.0 245 6720
-3200.0 283 6725
12800.0 284 6730
-3200.0 285 6735
-3200.0 323 6740
-3200.0 246 6745
-3200.0 284 6750
12800.0 285 6755
-3200.0 286 6760
-3200.0 324 6765
-3200.0 247 6770
-3200.0 285 6775
12800.0 286 6780
-3200.0 287 6785
-3200.0 325 6790
-3200.0 248 6795
-3200.0 286 6800
12800.0 287 6805
-3200.0 288 6810
-3200.0 326 6815
-3200.0 249 6820
-3200.0 287 6825
12800.0 288 6830
-3200.0 289 6835
-3200.0 327 6840
-3200.0 250 6845
-3200.0 288 6850
12800.0 289 6855
-3200.0 290 6860
-3200.0 328 6865
-3200.0 251 6870
-3200.0 289 6875
12800.0 290 6880
-3200.0 291 6885
-3200.0 329 6890
-3200.0 252 6895
-3200.0 290 6900
12800.0 291 6905
-3200.0 292 6909
-3200.0 330 6913
-3200.0 253 6918
-3200.0 291 6923
12800.0 292 6928
-3200.0 293 6933
-3200.0 331 6938
-3200.0 254 6943
-3200.0 292 6948
12800.0 293 6953
-3200.0 294 6958
-3200.0 332 6963
-3200.0 255 6968
-3200.0 293 6973
12800.0 294 6978
-3200.0 295 6983
-3200.0 333 6988
-3200.0 256 6993
-3200.0 294 6998
12800.0 295 7003
-3200.0 296 7008
-3200.0 334 7013
-3200.0 257 7018
-3200.0 295 7023
12800.0 296 7028
-3200.0 297 7033
-3200.0 335 7038
-3200.0 258 7043
-3200.0 296 7048
12800.0 297 7053
-3200.0 298 7058
-3200.0 336 7063
-3200.0 259 7068
-3200.0 297 7073
12800.0 298 7078
-3200.0 299 7083
-3200.0 337 7088
-3200.0 260 7093
-3200.0 298 7098
12800.0 299 7102
-3200.0 300 7106
-3200.0 338 7111
-3200.0 261 7116
-3200.0 299 7121
12800.0 300 7126
-3200.0 301 7131
-3200.0 339 7136
-3200.0 262 7141
-3200.0 300 7146
12800.0 301 7151
-3200.0 302 7156
-3200.0 340 7161
-3200.0 263 7166
-3200.0 301 7171
12800.0 302 7176
-3200.0 303 7181
-3200.0 341 7186
-3200.0 264 7191
-3200.0 302 7196
12800.0 303 7201
-3200.0 304 7206
-3200.0 342 7211
-3200.0 265 7216
-3200.0 303 7221
12800.0 304 7226
-3200.0 305 7231
-3200.0 343 7236
-3200.0 266 7241
-3200.0 304 7246
12800.0 305 7251
-3200.0 306 7256
-3200.0 344 7261
-3200.0 267 7266
-3200.0 305 7271
12800.0 306 7276
-3200.0 307 7281
-3200.0 345 7286
-3200.0 268 7291
-3200.0 306 7295
12800.0 307 7298
-3200.0 308 7302
-3200.0 346 7306
-3200.0 269 7310
-3200.0 307 7314
12800.0 308 7318
-3200.0 309 7322
-3200.0 347 7326
-3200.0 270 7330
-3200.0 308 7334
12800.0 309 7338
-3200.0 310 7342
-3200.0 348 7346
-3200.0 271 7350
-3200.0 309 7354
12800.0 310 7358
-3200.0 311 7362
-3200.0 349 7366
-3200.0 272 7370
-3200.0 310 7374
12800.0 311 7378
-3200.0 350 7382
-3200.0 273 7386
12800.0 312 7390
-3200.0 313 7394
-3200.0 351 7398
-3200.0 274 7402
-3200.0 312 7406
12800.0 313 7410
-3200.0 314 7414
-3200.0 352 7418
-3200.0 275 7422
-3200.0 313 7426
12800.0 314 7430
-3200.0 315 7434
-3200.0 353 7438
-3200.0 276 7442
-3200.0 314 7446
12800.0 315 7449
-3200.0 316
-3200.0 354
-3200.0 277
-3200.0 315
12800.0 316
-3200.0 317
-3200.0 355
-3200.0 278
-3200.0 316
12800.0 317
-3200.0 318
-3200.0 356
-3200.0 279
-3200.0 317
12800.0 318
-3200.0 319
-3200.0 357
-3200.0 280
-3200.0 318
12800.0 319
-3200.0 320
-3200.0 358
-3200.0 281
-3200.0 319
12800.0 320
-3200.0 321
-3200.0 359
-3200.0 282
-3200.0 320
12800.0 321
-3200.0 322
-3200.0 360
-3200.0 283
-3200.0 321
12800.0 322
-3200.0 323
-3200.0 361
-3200.0 284
-3200.0 322
12800.0 323
-3200.0 324
-3200.0 362
-3200.0 285
-3200.0 323
12800.0 324
-3200.0 325
-3200.0 363
-3200.0 286
-3200.0 324
12800.0 325
-3200.0 326
-3200.0 364
-3200.0 287
-3200.0 325
12800.0 326
-3200.0 327
-3200.0 365
-3200.0 288
-3200.0 326
12800.0 327
-3200.0 328
-3200.0 366
-3200.0 289
-3200.0 327
12800.0 328
-3200.0 329
-3200.0 367
-3200.0 290
-3200.0 328
12800.0 329
-3200.0 330
-3200.0 368
-3200.0 291
-3200.0 329
12800.0 330
-3200.0 331
-3200.0 369
-3200.0 292
-3200.0 330
12800.0 331
-3200.0 332
-3200.0 370
-3200.0 293
-3200.0 331
12800.0 332
-3200.0 333
-3200.0 371
-3200.0 294
-3200.0 332
12800.0 333
-3200.0 334
-3200.0 372
-3200.0 295
-3200.0 333
12800.0 334
-3200.0 335
-3200.0 373
-3200.0 296
-3200.0 334
12800.0 335
-3200.0 336
-3200.0 374
-3200.0 297
-3200.0 335
12800.0 336
-3200.0 337
-3200.0 375
-3200.0 298
-3200.0 336
12800.0 337
-3200.0 338
-3200.0 376
-3200.0 299
-3200.0 337
12800.0 338
-3200.0 339
-3200.0 377
-3200.0 300
-3200.0 338
12800.0 339
-3200.0 340
-3200.0 378
-3200.0 301
-3200.0 339
12800.0 340
-3200.0 341
-3200.0 379
-3200.0 302
-3200.0 340
12800.0 341
-3200.0 342
-3200.0 380
-3200.0 303
-3200.0 341
12800.0 342
-3200.0 343
-3200.0 381
-3200.0 304
-3200.0 342
12800.0 343
-3200.0 344
-3200.0 382
-3200.0 305
-3200.0 343
12800.0 344
-3200.0 345
-3200.0 383
-3200.0 306
-3200.0 344
12800.0 345
-3200.0 346
-3200.0 384
-3200.0 307
-3200.0 345
12800.0 346
-3200.0 347
-3200.0 385
-3200.0 308
-3200.0 346
12800.0 347
-3200.0 348
-3200.0 386
-3200.0 309
-3200.0 347
12800.0 348
-3200.0 349
-3200.0 387
-3200.0 310
-3200.0 348
12800.0 349
-3200.0 350
-3200.0 388
-3200.0 311
-3200.0 349
12800.0 350
-3200.0 389
-3200.0 312
12800.0 351
-3200.0 352
-3200.0 390
-3200.0 313
-3200.0 351
12800.0 352
-3200.0 353
-3200.0 391
-3200.0 314
-3200.0 352
12800.0 353
-3200.0 354
-3200.0 392
-3200.0 315
-3200.0 353
12800.0 354
-3200.0 355
-3200.0 393
-3200.0 316
-3200.0 354
12800.0 355
-3200.0 356
-3200.0 394
-3200.0 317
-3200.0 355
12800.0 356
-3200.0 357
-3200.0 395
-3200.0 318
-3200.0 356
12800.0 357
-3200.0 358
-3200.0 396
-3200.0 319
-3200.0 357
12800.0 358
-3200.0 359
-3200.0 397
-3200.0 320
-3200.0 358
12800.0 359
-3200.0 360
-3200.0 398
-3200.0 321
-3200.0 359
12800.0 360
-3200.0 361
-3200.0 399
-3200.0 322
-3200.0 360
12800.0 361
-3200.0 362
-3200.0 400
-3200.0 323
-3200.0 361
12800.0 362
-3200.0 363
-3200.0 401
-3200.0 324
-3200.0 362
12800.0 363
-3200.0 364
-3200.0 402
-3200.0 325
-3200.0 363
12800.0 364
-3200.0 365
-3200.0 403
-3200.0 326
-3200.0 364
12800.0 365
-3200.0 366
-3200.0 404
-3200.0 327
-3200.0 365
12800.0 366
-3200.0 367
-3200.0 405
-3200.0 328
-3200.0 366
12800.0 367
-3200.0 368
-3200.0 406
-3200.0 329
-3200.0 367
12800.0 368
-3200.0 369
-3200.0 407
-3200.0 330
-3200.0 368
12800.0 369
-3200.0 370
-3200.0 408
-3200.0 331
-3200.0 369
12800.0 370
-3200.0 371
-3200.0 409
-3200.0 332
-3200.0 370
12800.0 371
-3200.0 372
-3200.0 410
-3200.0 333
-3200.0 371
12800.0 372
-3200.0 373
-3200.0 411
-3200.0 334
-3200.0 372
12800.0 373
-3200.0 374
-3200.0 412
-3200.0 335
-3200.0 373
12800.0 374
-3200.0 375
-3200.0 413
-3200.0 336
-3200.0 374
12800.0 375
-3200.0 376
-3200.0 414
-3200.0 337
-3200.0 375
12800.0 376
-3200.0 377
-3200.0 415
-3200.0 338
-3200.0 376
12800.0 377
-3200.0 378
-3200.0 416
-3200.0 339
-3200.0 377
12800.0 378
-3200.0 379
-3200.0 417
-3200.0 340
-3200.0 378
12800.0 379
-3200.0 380
-3200.0 418
-3200.0 341
-3200.0 379
12800.0 380
-3200.0 381
-3200.0 419
-3200.0 342
-3200.0 380
12800.0 381
-3200.0 382
-3200.0 420
-3200.0 343
-3200.0 381
12800.0 382
-3200.0 383
-3200.0 421
-3200.0 344
-3200.0 382
12800.0 383
-3200.0 384
-3200.0 422
-3200.0 345
-3200.0 383
12800.0 384
-3200.0 385
-3200.0 423
-3200.0 346
-3200.0 384
12800.0 385
-3200.0 386
-3200.0 424
-3200.0 347
-3200.0 385
12800.0 386
-3200.0 387
-3200.0 425
-3200.0 348
-3200.0 386
12800.0 387
-3200.0 388
-3200.0 426
-3200.0 349
-3200.0 387
12800.0 388
-3200.0 389
-3200.0 427
-3200.0 350
-3200.0 388
12800.0 389
-3200.0 428
-3200.0 351
12800.0 390
-3200.0 391
-3200.0 429
-3200.0 352
-3200.0 390
12800.0 391
-3200.0 392
-3200.0 430
-3200.0 353
-3200.0 391
12800.0 392
-3200.0 393
-3200.0 431
-3200.0 354
-3200.0 392
12800.0 393
-3200.0 394
-3200.0 432
-3200.0 355
-3200.0 393
12800.0 394
-3200.0 395
-3200.0 433
-3200.0 356
-3200.0 394
12800.0 395
-3200.0 396
-3200.0 434
-3200.0 357
-3200.0 395
12800.0 396
-3200.0 397
-3200.0 435
-3200.0 358
-3200.0 396
12800.0 397
-3200.0 398
-3200.0 436
-3200.0 359
-3200.0 397
12800.0 398
-3200.0 399
-3200.0 437
-3200.0 360
-3200.0 398
12800.0 399
-3200.0 400
-3200.0 438
-3200.0 361
-3200.0 399
12800.0 400
-3200.0 401
-3200.0 439
-3200.0 362
-3200.0 400
12800.0 401
-3200.0 402
-3200.0 440
-3200.0 363
-3200.0 401
12800.0 402
-3200.0 403
-3200.0 441
-3200.0 364
-3200.0 402
12800.0 403
-3200.0 404
-3200.0 442
-3200.0 365
-3200.0 403
12800.0 404
-3200.0 405
-3200.0 443
-3200.0 366
-3200.0 404
12800.0 405
-3200.0 406
-3200.0 444
-3200.0 367
-3200.0 405
12800.0 406
-3200.0 407
-3200.0 445
-3200.0 368
-3200.0 406
12800.0 407
-3200.0 408
-3200.0 446
-3200.0 369
-3200.0 407
12800.0 408
-3200.0 409
-3200.0 447
-3200.0 370
-3200.0 408
12800.0 409
-3200.0 410
-3200.0 448
-3200.0 371
-3200.0 409
12800.0 410
-3200.0 411
-3200.0 449
-3200.0 372
-3200.0 410
12800.0 411
-3200.0 412
-3200.0 450
-3200.0 373
-3200.0 411
12800.0 412
-3200.0 413
-3200.0 451
-3200.0 374
-3200.0 412
12800.0 413
-3200.0 414
-3200.0 452
-3200.0 375
-3200.0 413
12800.0 414
-3200.0 415
-3200.0 453
-3200.0 376
-3200.0 414
12800.0 415
-3200.0 416
-3200.0 454
-3200.0 377
-3200.0 415
12800.0 416
-3200.0 417
-3200.0 455
-3200.0 378
-3200.0 416
12800.0 417
-3200.0 418
-3200.0 456
-3200.0 379
-3200.0 417
12800.0 418
-3200.0 419
-3200.0 457
-3200.0 380
-3200.0 418
12800.0 419
-3200.0 420
-3200.0 458
-3200.0 381
-3200.0 419
12800.0 420
-3200.0 421
-3200.0 459
-3200.0 382
-3200.0 420
12800.0 421
-3200.0 422
-3200.0 460
-3200.0 383
-3200.0 421
12800.0 422
-3200.0 423
-3200.0 461
-3200.0 384
-3200.0 422
12800.0 423
-3200.0 424
-3200.0 462
-3200.0 385
-3200.0 423
12800.0 424
-3200.0 425
-3200.0 463
-3200.0 386
-3200.0 424
12800.0 425
-3200.0 426
-3200.0 464
-3200.0 387
-3200.0 425
12800.0 426
-3200.0 427
-3200.0 465
-3200.0 388
-3200.0 426
12800.0 427
-3200.0 428
-3200.0 466
-3200.0 389
-3200.0 427
12800.0 428
-3200.0 467
-3200.0 390
12800.0 429
-3200.0 430
-3200.0 468
-3200.0 391
-3200.0 429
12800.0 430
-3200.0 431
-3200.0 469
-3200.0 392
-3200.0 430
12800.0 431
-3200.0 432
-3200.0 470
-3200.0 393
-3200.0 431
12800.0 432
-3200.0 433
-3200.0 471
-3200.0 394
-3200.0 432
12800.0 433
-3200.0 434
-3200.0 472
-3200.0 395
-3200.0 433
12800.0 434
-3200.0 435
-3200.0 473
-3200.0 396
-3200.0 434
12800.0 435
-3200.0 436
-3200.0 474
-3200.0 397
-3200.0 435
12800.0 436
-3200.0 437
-3200.0 475
-3200.0 398
-3200.0 436
12800.0 437
-3200.0 438
-3200.0 476
-3200.0 399
-3200.0 437
12800.0 438
-3200.0 439
-3200.0 477
-3200.0 400
-3200.0 438
12800.0 439
-3200.0 440
-3200.0 478
-3200.0 401
-3200.0 439
12800.0 440
-3200.0 441
-3200.0 479
-3200.0 402
-3200.0 440
12800.0 441
-3200.0 442
-3200.0 480
-3200.0 403
-3200.0 441
12800.0 442
-3200.0 443
-3200.0 481
-3200.0 404
-3200.0 442
12800.0 443
-3200.0 444
-3200.0 482
-3200.0 405
-3200.0 443
12800.0 444
-3200.0 445
-3200.0 483
-3200.0 406
-3200.0 444
12800.0 445
-3200.0 446
-3200.0 484
-3200.0 407
-3200.0 445
12800.0 446
-3200.0 447
-3200.0 485
-3200.0 408
-3200.0 446
12800.0 447
-3200.0 448
-3200.0 486
-3200.0 409
-3200.0 447
12800.0 448
-3200.0 449
-3200.0 487
-3200.0 410
-3200.0 448
12800.0 449
-3200.0 450
-3200.0 488
-3200.0 411
-3200.0 449
12800.0 450
-3200.0 451
-3200.0 489
-3200.0 412
-3200.0 450
12800.0 451
-3200.0 452
-3200.0 490
-3200.0 413
-3200.0 451
12800.0 452
-3200.0 453
-3200.0 491
-3200.0 414
-3200.0 452
12800.0 453
-3200.0 454
-3200.0 492
-3200.0 415
-3200.0 453
12800.0 454
-3200.0 455
-3200.0 493
-3200.0 416
-3200.0 454
12800.0 455
-3200.0 456
-3200.0 494
-3200.0 417
-3200.0 455
12800.0 456
-3200.0 457
-3200.0 495
-3200.0 418
-3200.0 456
12800.0 457
-3200.0 458
-3200.0 496
-3200.0 419
-3200.0 457
12800.0 458
-3200.0 459
-3200.0 497
-3200.0 420
-3200.0 458
12800.0 459
-3200.0 460
-3200.0 498
-3200.0 421
-3200.0 459
12800.0 460
-3200.0 461
-3200.0 499
-3200.0 422
-3200.0 460
12800.0 461
-3200.0 462
-3200.0 500
-3200.0 423
-3200.0 461
12800.0 462
-3200.0 463
-3200.0 501
-3200.0 424
-3200.0 462
12800.0 463
-3200.0 464
-3200.0 502
-3200.0 425
-3200.0 463
12800.0 464
-3200.0 465
-3200.0 503
-3200.0 426
-3200.0 464
12800.0 465
-3200.0 466
-3200.0 504
-3200.0 427
-3200.0 465
12800.0 466
-3200.0 467
-3200.0 505
-3200.0 428
-3200.0 466
12800.0 467
-3200.0 506
-3200.0 429
12800.0 468
-3200.0 469
-3200.0 507
-3200.0 430
-3200.0 468
12800.0 469
-3200.0 470
-3200.0 508
-3200.0 431
-3200.0 469
12800.0 470
-3200.0 471
-3200.0 509
-3200.0 432
-3200.0 470
12800.0 471
-3200.0 472
-3200.0 510
-3200.0 433
-3200.0 471
12800.0 472
-3200.0 473
-3200.0 511
-3200.0 434
-3200.0 472
12800.0 473
-3200.0 474
-3200.0 512
-3200.0 435
-3200.0 473
12800.0 474
-3200.0 475
-3200.0 513
-3200.0 436
-3200.0 474
12800.0 475
-3200.0 476
-3200.0 514
-3200.0 437
-3200.0 475
12800.0 476
-3200.0 477
-3200.0 515
-3200.0 438
-3200.0 476
12800.0 477
-3200.0 478
-3200.0 516
-3200.0 439
-3200.0 477
12800.0 478
-3200.0 479
-3200.0 517
-3200.0 440
-3200.0 478
12800.0 479
-3200.0 480
-3200.0 518
-3200.0 441
-3200.0 479
12800.0 480
-3200.0 481
-3200.0 519
-3200.0 442
-3200.0 480
12800.0 481
-3200.0 482
-3200.0 520
-3200.0 443
-3200.0 481
12800.0 482
-3200.0 483
-3200.0 521
-3200.0 444
-3200.0 482
12800.0 483
-3200.0 484
-3200.0 522
-3200.0 445
-3200.0 483
12800.0 484
-3200.0 485
-3200.0 523
-3200.0 446
-3200.0 484
12800.0 485
-3200.0 486
-3200.0 524
-3200.0 447
-3200.0 485
12800.0 486
-3200.0 487
-3200.0 525
-3200.0 448
-3200.0 486
12800.0 487
-3200.0 488
-3200.0 526
-3200.0 449
-3200.0 487
12800.0 488
-3200.0 489
-3200.0 527
-3200.0 450
-3200.0 488
12800.0 489
-3200.0 490
-3200.0 528
-3200.0 451
-3200.0 489
12800.0 490
-3200.0 491
-3200.0 529
-3200.0 452
-3200.0 490
12800.0 491
-3200.0 492
-3200.0 530
-3200.0 453
-3200.0 491
12800.0 492
-3200.0 493
-3200.0 531
-3200.0 454
-3200.0 492
12800.0 493
-3200.0 494
-3200.0 532
-3200.0 455
-3200.0 493
12800.0 494
-3200.0 495
-3200.0 533
-3200.0 456
-3200.0 494
12800.0 495
-3200.0 496
-3200.0 534
-3200.0 457
-3200.0 495
12800.0 496
-3200.0 497
-3200.0 535
-3200.0 458
-3200.0 496
12800.0 497
-3200.0 498
-3200.0 536
-3200.0 459
-3200.0 497
12800.0 498
-3200.0 499
-3200.0 537
-3200.0 460
-3200.0 498
12800.0 499
-3200.0 500
-3200.0 538
-3200.0 461
-3200.0 499
12800.0 500
-3200.0 501
-3200.0 539
-3200.0 462
-3200.0 500
12800.0 501
-3200.0 502
-3200.0 540
-3200.0 463
-3200.0 501
12800.0 502
-3200.0 503
-3200.0 541
-3200.0 464
-3200.0 502
12800.0 503
-3200.0 504
-3200.0 542
-3200.0 465
-3200.0 503
12800.0 504
-3200.0 505
-3200.0 543
-3200.0 466
-3200.0 504
12800.0 505
-3200.0 506
-3200.0 544
-3200.0 467
-3200.0 505
12800.0 506
-3200.0 545
-3200.0 468
12800.0 507
-3200.0 508
-3200.0 546
-3200.0 469
-3200.0 507
12800.0 508
-3200.0 509
-3200.0 547
-3200.0 470
-3200.0 508
12800.0 509
-3200.0 510
-3200.0 548
-3200.0 471
-3200.0 509
12800.0 510
-3200.0 511
-3200.0 549
-3200.0 472
-3200.0 510
12800.0 511
-3200.0 512
-3200.0 550
-3200.0 473
-3200.0 511
12800.0 512
-3200.0 513
-3200.0 551
-3200.0 474
-3200.0 512
12800.0 513
-3200.0 514
-3200.0 552
-3200.0 475
-3200.0 513
12800.0 514
-3200.0 515
-3200.0 553
-3200.0 476
-3200.0 514
12800.0 515
-3200.0 516
-3200.0 554
-3200.0 477
-3200.0 515
12800.0 516
-3200.0 517
-3200.0 555
-3200.0 478
-3200.0 516
12800.0 517
-3200.0 518
-3200.0 556
-3200.0 479
-3200.0 517
12800.0 518
-3200.0 519
-3200.0 557
-3200.0 480
-3200.0 518
12800.0 519
-3200.0 520
-3200.0 558
-3200.0 481
-3200.0 519
12800.0 520
-3200.0 521
-3200.0 559
-3200.0 482
-3200.0 520
12800.0 521
-3200.0 522
-3200.0 560
-3200.0 483
-3200.0 521
12800.0 522
-3200.0 523
-3200.0 561
-3200.0 484
-3200.0 522
12800.0 523
-3200.0 524
-3200.0 562
-3200.0 485
-3200.0 523
12800.0 524
-3200.0 525
-3200.0 563
-3200.0 486
-3200.0 524
12800.0 525
-3200.0 526
-3200.0 564
-3200.0 487
-3200.0 525
12800.0 526
-3200.0 527
-3200.0 565
-3200.0 488
-3200.0 526
12800.0 527
-3200.0 528
-3200.0 566
-3200.0 489
-3200.0 527
12800.0 528
-3200.0 529
-3200.0 567
-3200.0 490
-3200.0 528
12800.0 529
-3200.0 530
-3200.0 568
-3200.0 491
-3200.0 529
12800.0 530
-3200.0 531
-3200.0 569
-3200.0 492
-3200.0 530
12800.0 531
-3200.0 532
-3200.0 570
-3200.0 493
-3200.0 531
12800.0 532
-3200.0 533
-3200.0 571
-3200.0 494
-3200.0 532
12800.0 533
-3200.0 534
-3200.0 572
-3200.0 495
-3200.0 533
12800.0 534
-3200.0 535
-3200.0 573
-3200.0 496
-3200.0 534
12800.0 535
-3200.0 536
-3200.0 574
-3200.0 497
-3200.0 535
12800.0 536
-3200.0 537
-3200.0 575
-3200.0 498
-3200.0 536
12800.0 537
-3200.0 538
-3200.0 576
-3200.0 499
-3200.0 537
12800.0 538
-3200.0 539
-3200.0 577
-3200.0 500
-3200.0 538
12800.0 539
-3200.0 540
-3200.0 578
-3200.0 501
-3200.0 539
12800.0 540
-3200.0 541
-3200.0 579
-3200.0 502
-3200.0 540
12800.0 541
-3200.0 542
-3200.0 580
-3200.0 503
-3200.0 541
12800.0 542
-3200.0 543
-3200.0 581
-3200.0 504
-3200.0 542
12800.0 543
-3200.0 544
-3200.0 582
-3200.0 505
-3200.0 543
12800.0 544
-3200.0 545
-3200.0 583
-3200.0 506
-3200.0 544
12800.0 545
-3200.0 584
-3200.0 507
12800.0 546
-3200.0 547
-3200.0 585
-3200.0 508
-3200.0 546
12800.0 547
-3200.0 548
-3200.0 586
-3200.0 509
-3200.0 547
12800.0 548
-3200.0 549
-3200.0 587
-3200.0 510
-3200.0 548
12800.0 549
-3200.0 550
-3200.0 588
-3200.0 511
-3200.0 549
12800.0 550
-3200.0 551
-3200.0 589
-3200.0 512
-3200.0 550
12800.0 551
-3200.0 552
-3200.0 590
-3200.0 513
-3200.0 551
12800.0 552
-3200.0 553
-3200.0 591
-3200.0 514
-3200.0 552
12800.0 553
-3200.0 554
-3200.0 592
-3200.0 515
-3200.0 553
12800.0 554
-3200.0 555
-3200.0 593
-3200.0 516
-3200.0 554
12800.0 555
-3200.0 556
-3200.0 594
-3200.0 517
-3200.0 555
12800.0 556
-3200.0 557
-3200.0 595
-3200.0 518
-3200.0 556
12800.0 557
-3200.0 558
-3200.0 596
-3200.0 519
-3200.0 557
12800.0 558
-3200.0 559
-3200.0 597
-3200.0 520
-3200.0 558
12800.0 559
-3200.0 560
-3200.0 598
-3200.0 521
-3200.0 559
12800.0 560
-3200.0 561
-3200.0 599
-3200.0 522
-3200.0 560
12800.0 561
-3200.0 562
-3200.0 600
-3200.0 523
-3200.0 561
12800.0 562
-3200.0 563
-3200.0 601
-3200.0 524
-3200.0 562
12800.0 563
-3200.0 564
-3200.0 602
-3200.0 525
-3200.0 563
12800.0 564
-3200.0 565
-3200.0 603
-3200.0 526
-3200.0 564
12800.0 565
-3200.0 566
-3200.0 604
-3200.0 527
-3200.0 565
12800.0 566
-3200.0 567
-3200.0 605
-3200.0 528
-3200.0 566
12800.0 567
-3200.0 568
-3200.0 606
-3200.0 529
-3200.0 567
12800.0 568
-3200.0 569
-3200.0 607
-3200.0 530
-3200.0 568
12800.0 569
-3200.0 570
-3200.0 608
-3200.0 531
-3200.0 569
12800.0 570
-3200.0 571
-3200.0 609
-3200.0 532
-3200.0 570
12800.0 571
-3200.0 572
-3200.0 610
-3200.0 533
-3200.0 571
12800.0 572
-3200.0 573
-3200.0 611
-3200.0 534
-3200.0 572
12800.0 573
-3200.0 574
-3200.0 612
-3200.0 535
-3200.0 573
12800.0 574
-3200.0 575
-3200.0 613
-3200.0 536
-3200.0 574
12800.0 575
-3200.0 576
-3200.0 614
-3200.0 537
-3200.0 575
12800.0 576
-3200.0 577
-3200.0 615
-3200.0 538
-3200.0 576
12800.0 577
-3200.0 578
-3200.0 616
-3200.0 539
-3200.0 577
12800.0 578
-3200.0 579
-3200.0 617
-3200.0 540
-3200.0 578
12800.0 579
-3200.0 580
-3200.0 618
-3200.0 541
-3200.0 579
12800.0 580
-3200.0 581
-3200.0 619
-3200.0 542
-3200.0 580
12800.0 581
-3200.0 582
-3200.0 620
-3200.0 543
-3200.0 581
12800.0 582
-3200.0 583
-3200.0 621
-3200.0 544
-3200.0 582
12800.0 583
-3200.0 584
-3200.0 622
-3200.0 545
-3200.0 583
12800.0 584
-3200.0 623
-3200.0 546
12800.0 585
-3200.0 586
-3200.0 624
-3200.0 547
-3200.0 585
12800.0 586
-3200.0 587
-3200.0 625
-3200.0 548
-3200.0 586
12800.0 587
-3200.0 588
-3200.0 626
-3200.0 549
-3200.0 587
12800.0 588
-3200.0 589
-3200.0 627
-3200.0 550
-3200.0 588
12800.0 589
-3200.0 590
-3200.0 628
-3200.0 551
-3200.0 589
12800.0 590
-3200.0 591
-3200.0 629
-3200.0 552
-3200.0 590
12800.0 591
-3200.0 592
-3200.0 630
-3200.0 553
-3200.0 591
12800.0 592
-3200.0 593
-3200.0 631
-3200.0 554
-3200.0 592
12800.0 593
-3200.0 594
-3200.0 632
-3200.0 555
-3200.0 593
12800.0 594
-3200.0 595
-3200.0 633
-3200.0 556
-3200.0 594
12800.0 595
-3200.0 596
-3200.0 634
-3200.0 557
-3200.0 595
12800.0 596
-3200.0 597
-3200.0 635
-3200.0 558
-3200.0 596
12800.0 597
-3200.0 598
-3200.0 636
-3200.0 559
-3200.0 597
12800.0 598
-3200.0 599
-3200.0 637
-3200.0 560
-3200.0 598
12800.0 599
-3200.0 600
-3200.0 638
-3200.0 561
-3200.0 599
12800.0 600
-3200.0 601
-3200.0 639
-3200.0 562
-3200.0 600
12800.0 601
-3200.0 602
-3200.0 640
-3200.0 563
-3200.0 601
12800.0 602
-3200.0 603
-3200.0 641
-3200.0 564
-3200.0 602
12800.0 603
-3200.0 604
-3200.0 642
-3200.0 565
-3200.0 603
12800.0 604
-3200.0 605
-3200.0 643
-3200.0 566
-3200.0 604
12800.0 605
-3200.0 606
-3200.0 644
-3200.0 567
-3200.0 605
12800.0 606
-3200.0 607
-3200.0 645
-3200.0 568
-3200.0 606
12800.0 607
-3200.0 608
-3200.0 646
-3200.0 569
-3200.0 607
12800.0 608
-3200.0 609
-3200.0 647
-3200.0 570
-3200.0 608
12800.0 609
-3200.0 610
-3200.0 648
-3200.0 571
-3200.0 609
12800.0 610
-3200.0 611
-3200.0 649
-3200.0 572
-3200.0 610
12800.0 611
-3200.0 612
-3200.0 650
-3200.0 573
-3200.0 611
12800.0 612
-3200.0 613
-3200.0 651
-3200.0 574
-3200.0 612
12800.0 613
-3200.0 614
-3200.0 652
-3200.0 575
-3200.0 613
12800.0 614
-3200.0 615
-3200.0 653
-3200.0 576
-3200.0 614
12800.0 615
-3200.0 616
-3200.0 654
-3200.0 577
-3200.0 615
12800.0 616
-3200.0 617
-3200.0 655
-3200.0 578
-3200.0 616
12800.0 617
-3200.0 618
-3200.0 656
-3200.0 579
-3200.0 617
12800.0 618
-3200.0 619
-3200.0 657
-3200.0 580
-3200.0 618
12800.0 619
-3200.0 620
-3200.0 658
-3200.0 581
-3200.0 619
12800.0 620
-3200.0 621
-3200.0 659
-3200.0 582
-3200.0 620
12800.0 621
-3200.0 622
-3200.0 660
-3200.0 583
-3200.0 621
12800.0 622
-3200.0 623
-3200.0 661
-3200.0 584
-3200.0 622
12800.0 623
-3200.0 662
-3200.0 585
12800.0 624
-3200.0 625
-3200.0 663
-3200.0 586
-3200.0 624
12800.0 625
-3200.0 626
-3200.0 664
-3200.0 587
-3200.0 625
12800.0 626
-3200.0 627
-3200.0 665
-3200.0 588
-3200.0 626
12800.0 627
-3200.0 628
-3200.0 666
-3200.0 589
-3200.0 627
12800.0 628
-3200.0 629
-3200.0 667
-3200.0 590
-3200.0 628
12800.0 629
-3200.0 630
-3200.0 668
-3200.0 591
-3200.0 629
12800.0 630
-3200.0 631
-3200.0 669
-3200.0 592
-3200.0 630
12800.0 631
-3200.0 632
-3200.0 670
-3200.0 593
-3200.0 631
12800.0 632
-3200.0 633
-3200.0 671
-3200.0 594
-3200.0 632
12800.0 633
-3200.0 634
-3200.0 672
-3200.0 595
-3200.0 633
12800.0 634
-3200.0 635
-3200.0 673
-3200.0 596
-3200.0 634
12800.0 635
-3200.0 636
-3200.0 674
-3200.0 597
-3200.0 635
12800.0 636
-3200.0 637
-3200.0 675
-3200.0 598
-3200.0 636
12800.0 637
-3200.0 638
-3200.0 676
-3200.0 599
-3200.0 637
12800.0 638
-3200.0 639
-3200.0 677
-3200.0 600
-3200.0 638
12800.0 639
-3200.0 640
-3200.0 678
-3200.0 601
-3200.0 639
12800.0 640
-3200.0 641
-3200.0 679
-3200.0 602
-3200.0 640
12800.0 641
-3200.0 642
-3200.0 680
-3200.0 603
-3200.0 641
12800.0 642
-3200.0 643
-3200.0 681
-3200.0 604
-3200.0 642
12800.0 643
-3200.0 644
-3200.0 682
-3200.0 605
-3200.0 643
12800.0 644
-3200.0 645
-3200.0 683
-3200.0 606
-3200.0 644
12800.0 645
-3200.0 646
-3200.0 684
-3200.0 607
-3200.0 645
12800.0 646
-3200.0 647
-3200.0 685
-3200.0 608
-3200.0 646
12800.0 647
-3200.0 648
-3200.0 686
-3200.0 609
-3200.0 647
12800.0 648
-3200.0 649
-3200.0 687
-3200.0 610
-3200.0 648
12800.0 649
-3200.0 650
-3200.0 688
-3200.0 611
-3200.0 649
12800.0 650
-3200.0 651
-3200.0 689
-3200.0 612
-3200.0 650
12800.0 651
-3200.0 652
-3200.0 690
-3200.0 613
-3200.0 651
12800.0 652
-3200.0 653
-3200.0 691
-3200.0 614
-3200.0 652
12800.0 653
-3200.0 654
-3200.0 692
-3200.0 615
-3200.0 653
12800.0 654
-3200.0 655
-3200.0 693
-3200.0 616
-3200.0 654
12800.0 655
-3200.0 656
-3200.0 694
-3200.0 617
-3200.0 655
12800.0 656
-3200.0 657
-3200.0 695
-3200.0 618
-3200.0 656
12800.0 657
-3200.0 658
-3200.0 696
-3200.0 619
-3200.0 657
12800.0 658
-3200.0 659
-3200.0 697
-3200.0 620
-3200.0 658
12800.0 659
-3200.0 660
-3200.0 698
-3200.0 621
-3200.0 659
12800.0 660
-3200.0 661
-3200.0 699
-3200.0 622
-3200.0 660
12800.0 661
-3200.0 662
-3200.0 700
-3200.0 623
-3200.0 661
12800.0 662
-3200.0 701
-3200.0 624
12800.0 663
-3200.0 664
-3200.0 702
-3200.0 625
-3200.0 663
12800.0 664
-3200.0 665
-3200.0 703
-3200.0 626
-3200.0 664
12800.0 665
-3200.0 666
-3200.0 704
-3200.0 627
-3200.0 665
12800.0 666
-3200.0 667
-3200.0 705
-3200.0 628
-3200.0 666
12800.0 667
-3200.0 668
-3200.0 706
-3200.0 629
-3200.0 667
12800.0 668
-3200.0 669
-3200.0 707
-3200.0 630
-3200.0 668
12800.0 669
-3200.0 670
-3200.0 708
-3200.0 631
-3200.0 669
12800.0 670
-3200.0 671
-3200.0 709
-3200.0 632
-3200.0 670
12800.0 671
-3200.0 672
-3200.0 710
-3200.0 633
-3200.0 671
12800.0 672
-3200.0 673
-3200.0 711
-3200.0 634
-3200.0 672
12800.0 673
-3200.0 674
-3200.0 712
-3200.0 635
-3200.0 673
12800.0 674
-3200.0 675
-3200.0 713
-3200.0 636
-3200.0 674
12800.0 675
-3200.0 676
-3200.0 714
-3200.0 637
-3200.0 675
12800.0 676
-3200.0 677
-3200.0 715
-3200.0 638
-3200.0 676
12800.0 677
-3200.0 678
-3200.0 716
-3200.0 639
-3200.0 677
12800.0 678
-3200.0 679
-3200.0 717
-3200.0 640
-3200.0 678
12800.0 679
-3200.0 680
-3200.0 718
-3200.0 641
-3200.0 679
12800.0 680
-3200.0 681
-3200.0 719
-3200.0 642
-3200.0 680
12800.0 681
-3200.0 682
-3200.0 720
-3200.0 643
-3200.0 681
12800.0 682
-3200.0 683
-3200.0 721
-3200.0 644
-3200.0 682
12800.0 683
-3200.0 684
-3200.0 722
-3200.0 645
-3200.0 683
12800.0 684
-3200.0 685
-3200.0 723
-3200.0 646
-3200.0 684
12800.0 685
-3200.0 686
-3200.0 724
-3200.0 647
-3200.0 685
12800.0 686
-3200.0 687
-3200.0 725
-3200.0 648
-3200.0 686
12800.0 687
-3200.0 688
-3200.0 726
-3200.0 649
-3200.0 687
12800.0 688
-3200.0 689
-3200.0 727
-3200.0 650
-3200.0 688
12800.0 689
-3200.0 690
-3200.0 728
-3200.0 651
-3200.0 689
12800.0 690
-3200.0 691
-3200.0 729
-3200.0 652
-3200.0 690
12800.0 691
-3200.0 692
-3200.0 730
-3200.0 653
-3200.0 691
12800.0 692
-3200.0 693
-3200.0 731
-3200.0 654
-3200.0 692
12800.0 693
-3200.0 694
-3200.0 732
-3200.0 655
-3200.0 693
12800.0 694
-3200.0 695
-3200.0 733
-3200.0 656
-3200.0 694
12800.0 695
-3200.0 696
-3200.0 734
-3200.0 657
-3200.0 695
12800.0 696
-3200.0 697
-3200.0 735
-3200.0 658
-3200.0 696
12800.0 697
-3200.0 698
-3200.0 736
-3200.0 659
-3200.0 697
12800.0 698
-3200.0 699
-3200.0 737
-3200.0 660
-3200.0 698
12800.0 699
-3200.0 700
-3200.0 738
-3200.0 661
-3200.0 699
12800.0 700
-3200.0 701
-3200.0 739
-3200.0 662
-3200.0 700
12800.0 701
-3200.0 740
-3200.0 663
12800.0 702
-3200.0 703
-3200.0 741
-3200.0 664
-3200.0 702
12800.0 703
-3200.0 704
-3200.0 742
-3200.0 665
-3200.0 703
12800.0 704
-3200.0 705
-3200.0 743
-3200.0 666
-3200.0 704
12800.0 705
-3200.0 706
-3200.0 744
-3200.0 667
-3200.0 705
12800.0 706
-3200.0 707
-3200.0 745
-3200.0 668
-3200.0 706
12800.0 707
-3200.0 708
-3200.0 746
-3200.0 669
-3200.0 707
12800.0 708
-3200.0 709
-3200.0 747
-3200.0 670
-3200.0 708
12800.0 709
-3200.0 710
-3200.0 748
-3200.0 671
-3200.0 709
12800.0 710
-3200.0 711
-3200.0 749
-3200.0 672
-3200.0 710
12800.0 711
-3200.0 712
-3200.0 750
-3200.0 673
-3200.0 711
12800.0 712
-3200.0 713
-3200.0 751
-3200.0 674
-3200.0 712
12800.0 713
-3200.0 714
-3200.0 752
-3200.0 675
-3200.0 713
12800.0 714
-3200.0 715
-3200.0 753
-3200.0 676
-3200.0 714
12800.0 715
-3200.0 716
-3200.0 754
-3200.0 677
-3200.0 715
12800.0 716
-3200.0 717
-3200.0 755
-3200.0 678
-3200.0 716
12800.0 717
-3200.0 718
-3200.0 756
-3200.0 679
-3200.0 717
12800.0 718
-3200.0 719
-3200.0 757
-3200.0 680
-3200.0 718
12800.0 719
-3200.0 720
-3200.0 758
-3200.0 681
-3200.0 719
12800.0 720
-3200.0 721
-3200.0 759
-3200.0 682
-3200.0 720
12800.0 721
-3200.0 722
-3200.0 760
-3200.0 683
-3200.0 721
12800.0 722
-3200.0 723
-3200.0 761
-3200.0 684
-3200.0 722
12800.0 723
-3200.0 724
-3200.0 762
-3200.0 685
-3200.0 723
12800.0 724
-3200.0 725
-3200.0 763
-3200.0 686
-3200.0 724
12800.0 725
-3200.0 726
-3200.0 764
-3200.0 687
-3200.0 725
12800.0 726
-3200.0 727
-3200.0 765
-3200.0 688
-3200.0 726
12800.0 727
-3200.0 728
-3200.0 766
-3200.0 689
-3200.0 727
12800.0 728
-3200.0 729
-3200.0 767
-3200.0 690
-3200.0 728
12800.0 729
-3200.0 730
-3200.0 768
-3200.0 691
-3200.0 729
12800.0 730
-3200.0 731
-3200.0 769
-3200.0 692
-3200.0 730
12800.0 731
-3200.0 732
-3200.0 770
-3200.0 693
-3200.0 731
12800.0 732
-3200.0 733
-3200.0 771
-3200.0 694
-3200.0 732
12800.0 733
-3200.0 734
-3200.0 772
-3200.0 695
-3200.0 733
12800.0 734
-3200.0 735
-3200.0 773
-3200.0 696
-3200.0 734
12800.0 735
-3200.0 736
-3200.0 774
-3200.0 697
-3200.0 735
12800.0 736
-3200.0 737
-3200.0 775
-3200.0 698
-3200.0 736
12800.0 737
-3200.0 738
-3200.0 776
-3200.0 699
-3200.0 737
12800.0 738
-3200.0 739
-3200.0 777
-3200.0 700
-3200.0 738
12800.0 739
-3200.0 740
-3200.0 778
-3200.0 701
-3200.0 739
12800.0 740
-3200.0 779
-3200.0 702
12800.0 741
-3200.0 742
-3200.0 780
-3200.0 703
-3200.0 741
12800.0 742
-3200.0 743
-3200.0 781
-3200.0 704
-3200.0 742
12800.0 743
-3200.0 744
-3200.0 782
-3200.0 705
-3200.0 743
12800.0 744
-3200.0 745
-3200.0 783
-3200.0 706
-3200.0 744
12800.0 745
-3200.0 746
-3200.0 784
-3200.0 707
-3200.0 745
12800.0 746
-3200.0 747
-3200.0 785
-3200.0 708
-3200.0 746
12800.0 747
-3200.0 748
-3200.0 786
-3200.0 709
-3200.0 747
12800.0 748
-3200.0 749
-3200.0 787
-3200.0 710
-3200.0 748
12800.0 749
-3200.0 750
-3200.0 788
-3200.0 711
-3200.0 749
12800.0 750
-3200.0 751
-3200.0 789
-3200.0 712
-3200.0 750
12800.0 751
-3200.0 752
-3200.0 790
-3200.0 713
-3200.0 751
12800.0 752
-3200.0 753
-3200.0 791
-3200.0 714
-3200.0 752
12800.0 753
-3200.0 754
-3200.0 792
-3200.0 715
-3200.0 753
12800.0 754
-3200.0 755
-3200.0 793
-3200.0 716
-3200.0 754
12800.0 755
-3200.0 756
-3200.0 794
-3200.0 717
-3200.0 755
12800.0 756
-3200.0 757
-3200.0 795
-3200.0 718
-3200.0 756
12800.0 757
-3200.0 758
-3200.0 796
-3200.0 719
-3200.0 757
12800.0 758
-3200.0 759
-3200.0 797
-3200.0 720
-3200.0 758
12800.0 759
-3200.0 760
-3200.0 798
-3200.0 721
-3200.0 759
12800.0 760
-3200.0 761
-3200.0 799
-3200.0 722
-3200.0 760
12800.0 761
-3200.0 762
-3200.0 800
-3200.0 723
-3200.0 761
12800.0 762
-3200.0 763
-3200.0 801
-3200.0 724
-3200.0 762
12800.0 763
-3200.0 764
-3200.0 802
-3200.0 725
-3200.0 763
12800.0 764
-3200.0 765
-3200.0 803
-3200.0 726
-3200.0 764
12800.0 765
-3200.0 766
-3200.0 804
-3200.0 727
-3200.0 765
12800.0 766
-3200.0 767
-3200.0 805
-3200.0 728
-3200.0 766
12800.0 767
-3200.0 768
-3200.0 806
-3200.0 729
-3200.0 767
12800.0 768
-3200.0 769
-3200.0 807
-3200.0 730
-3200.0 768
12800.0 769
-3200.0 770
-3200.0 808
-3200.0 731
-3200.0 769
12800.0 770
-3200.0 771
-3200.0 809
-3200.0 732
-3200.0 770
12800.0 771
-3200.0 772
-3200.0 810
-3200.0 733
-3200.0 771
12800.0 772
-3200.0 773
-3200.0 811
-3200.0 734
-3200.0 772
12800.0 773
-3200.0 774
-3200.0 812
-3200.0 735
-3200.0 773
12800.0 774
-3200.0 775
-3200.0 813
-3200.0 736
-3200.0 774
12800.0 775
-3200.0 776
-3200.0 814
-3200.0 737
-3200.0 775
12800.0 776
-3200.0 777
-3200.0 815
-3200.0 738
-3200.0 776
12800.0 777
-3200.0 778
-3200.0 816
-3200.0 739
-3200.0 777
12800.0 778
-3200.0 779
-3200.0 817
-3200.0 740
-3200.0 778
12800.0 779
-3200.0 818
-3200.0 741
12800.0 780
-3200.0 781
-3200.0 819
-3200.0 742
-3200.0 780
12800.0 781
-3200.0 782
-3200.0 820
-3200.0 743
-3200.0 781
12800.0 782
-3200.0 783
-3200.0 821
-3200.0 744
-3200.0 782
12800.0 783
-3200.0 784
-3200.0 822
-3200.0 745
-3200.0 783
12800.0 784
-3200.0 785
-3200.0 823
-3200.0 746
-3200.0 784
12800.0 785
-3200.0 786
-3200.0 824
-3200.0 747
-3200.0 785
12800.0 786
-3200.0 787
-3200.0 825
-3200.0 748
-3200.0 786
12800.0 787
-3200.0 788
-3200.0 826
-3200.0 749
-3200.0 787
12800.0 788
-3200.0 789
-3200.0 827
-3200.0 750
-3200.0 788
12800.0 789
-3200.0 790
-3200.0 828
-3200.0 751
-3200.0 789
12800.0 790
-3200.0 791
-3200.0 829
-3200.0 752
-3200.0 790
12800.0 791
-3200.0 792
-3200.0 830
-3200.0 753
-3200.0 791
12800.0 792
-3200.0 793
-3200.0 831
-3200.0 754
-3200.0 792
12800.0 793
-3200.0 794
-3200.0 832
-3200.0 755
-3200.0 793
12800.0 794
-3200.0 795
-3200.0 833
-3200.0 756
-3200.0 794
12800.0 795
-3200.0 796
-3200.0 834
-3200.0 757
-3200.0 795
12800.0 796
-3200.0 797
-3200.0 835
-3200.0 758
-3200.0 796
12800.0 797
-3200.0 798
-3200.0 836
-3200.0 759
-3200.0 797
12800.0 798
-3200.0 799
-3200.0 837
-3200.0 760
-3200.0 798
12800.0 799
-3200.0 800
-3200.0 838
-3200.0 761
-3200.0 799
12800.0 800
-3200.0 801
-3200.0 839
-3200.0 762
-3200.0 800
12800.0 801
-3200.0 802
-3200.0 840
-3200.0 763
-3200.0 801
12800.0 802
-3200.0 803
-3200.0 841
-3200.0 764
-3200.0 802
12800.0 803
-3200.0 804
-3200.0 842
-3200.0 765
-3200.0 803
12800.0 804
-3200.0 805
-3200.0 843
-3200.0 766
-3200.0 804
12800.0 805
-3200.0 806
-3200.0 844
-3200.0 767
-3200.0 805
12800.0 806
-3200.0 807
-3200.0 845
-3200.0 768
-3200.0 806
12800.0 807
-3200.0 808
-3200.0 846
-3200.0 769
-3200.0 807
12800.0 808
-3200.0 809
-3200.0 847
-3200.0 770
-3200.0 808
12800.0 809
-3200.0 810
-3200.0 848
-3200.0 771
-3200.0 809
12800.0 810
-3200.0 811
-3200.0 849
-3200.0 772
-3200.0 810
12800.0 811
-3200.0 812
-3200.0 850
-3200.0 773
-3200.0 811
12800.0 812
-3200.0 813
-3200.0 851
-3200.0 774
-3200.0 812
12800.0 813
-3200.0 814
-3200.0 852
-3200.0 775
-3200.0 813
12800.0 814
-3200.0 815
-3200.0 853
-3200.0 776
-3200.0 814
12800.0 815
-3200.0 816
-3200.0 854
-3200.0 777
-3200.0 815
12800.0 816
-3200.0 817
-3200.0 855
-3200.0 778
-3200.0 816
12800.0 817
-3200.0 818
-3200.0 856
-3200.0 779
-3200.0 817
12800.0 818
-3200.0 857
-3200.0 780
12800.0 819
-3200.0 820
-3200.0 858
-3200.0 781
-3200.0 819
12800.0 820
-3200.0 821
-3200.0 859
-3200.0 782
-3200.0 820
12800.0 821
-3200.0 822
-3200.0 860
-3200.0 783
-3200.0 821
12800.0 822
-3200.0 823
-3200.0 861
-3200.0 784
-3200.0 822
12800.0 823
-3200.0 824
-3200.0 862
-3200.0 785
-3200.0 823
12800.0 824
-3200.0 825
-3200.0 863
-3200.0 786
-3200.0 824
12800.0 825
-3200.0 826
-3200.0 864
-3200.0 787
-3200.0 825
12800.0 826
-3200.0 827
-3200.0 865
-3200.0 788
-3200.0 826
12800.0 827
-3200.0 828
-3200.0 866
-3200.0 789
-3200.0 827
12800.0 828
-3200.0 829
-3200.0 867
-3200.0 790
-3200.0 828
12800.0 829
-3200.0 830
-3200.0 868
-3200.0 791
-3200.0 829
12800.0 830
-3200.0 831
-3200.0 869
-3200.0 792
-3200.0 830
12800.0 831
-3200.0 832
-3200.0 870
-3200.0 793
-3200.0 831
12800.0 832
-3200.0 833
-3200.0 871
-3200.0 794
-3200.0 832
12800.0 833
-3200.0 834
-3200.0 872
-3200.0 795
-3200.0 833
12800.0 834
-3200.0 835
-3200.0 873
-3200.0 796
-3200.0 834
12800.0 835
-3200.0 836
-3200.0 874
-3200.0 797
-3200.0 835
12800.0 836
-3200.0 837
-3200.0 875
-3200.0 798
-3200.0 836
12800.0 837
-3200.0 838
-3200.0 876
-3200.0 799
-3200.0 837
12800.0 838
-3200.0 839
-3200.0 877
-3200.0 800
-3200.0 838
12800.0 839
-3200.0 840
-3200.0 878
-3200.0 801
-3200.0 839
12800.0 840
-3200.0 841
-3200.0 879
-3200.0 802
-3200.0 840
12800.0 841
-3200.0 842
-3200.0 880
-3200.0 803
-3200.0 841
12800.0 842
-3200.0 843
-3200.0 881
-3200.0 804
-3200.0 842
12800.0 843
-3200.0 844
-3200.0 882
-3200.0 805
-3200.0 843
12800.0 844
-3200.0 845
-3200.0 883
-3200.0 806
-3200.0 844
12800.0 845
-3200.0 846
-3200.0 884
-3200.0 807
-3200.0 845
12800.0 846
-3200.0 847
-3200.0 885
-3200.0 808
-3200.0 846
12800.0 847
-3200.0 848
-3200.0 886
-3200.0 809
-3200.0 847
12800.0 848
-3200.0 849
-3200.0 887
-3200.0 810
-3200.0 848
12800.0 849
-3200.0 850
-3200.0 888
-3200.0 811
-3200.0 849
12800.0 850
-3200.0 851
-3200.0 889
-3200.0 812
-3200.0 850
12800.0 851
-3200.0 852
-3200.0 890
-3200.0 813
-3200.0 851
12800.0 852
-3200.0 853
-3200.0 891
-3200.0 814
-3200.0 852
12800.0 853
-3200.0 854
-3200.0 892
-3200.0 815
-3200.0 853
12800.0 854
-3200.0 855
-3200.0 893
-3200.0 816
-3200.0 854
12800.0 855
-3200.0 856
-3200.0 894
-3200.0 817
-3200.0 855
12800.0 856
-3200.0 857
-3200.0 895
-3200.0 818
-3200.0 856
12800.0 857
-3200.0 896
-3200.0 819
12800.0 858
-3200.0 859
-3200.0 897
-3200.0 820
-3200.0 858
12800.0 859
-3200.0 860
-3200.0 898
-3200.0 821
-3200.0 859
12800.0 860
-3200.0 861
-3200.0 899
-3200.0 822
-3200.0 860
12800.0 861
-3200.0 862
-3200.0 900
-3200.0 823
-3200.0 861
12800.0 862
-3200.0 863
-3200.0 901
-3200.0 824
-3200.0 862
12800.0 863
-3200.0 864
-3200.0 902
-3200.0 825
-3200.0 863
12800.0 864
-3200.0 865
-3200.0 903
-3200.0 826
-3200.0 864
12800.0 865
-3200.0 866
-3200.0 904
-3200.0 827
-3200.0 865
12800.0 866
-3200.0 867
-3200.0 905
-3200.0 828
-3200.0 866
12800.0 867
-3200.0 868
-3200.0 906
-3200.0 829
-3200.0 867
12800.0 868
-3200.0 869
-3200.0 907
-3200.0 830
-3200.0 868
12800.0 869
-3200.0 870
-3200.0 908
-3200.0 831
-3200.0 869
12800.0 870
-3200.0 871
-3200.0 909
-3200.0 832
-3200.0 870
12800.0 871
-3200.0 872
-3200.0 910
-3200.0 833
-3200.0 871
12800.0 872
-3200.0 873
-3200.0 911
-3200.0 834
-3200.0 872
12800.0 873
-3200.0 874
-3200.0 912
-3200.0 835
-3200.0 873
12800.0 874
-3200.0 875
-3200.0 913
-3200.0 836
-3200.0 874
12800.0 875
-3200.0 876
-3200.0 914
-3200.0 837
-3200.0 875
12800.0 876
-3200.0 877
-3200.0 915
-3200.0 838
-3200.0 876
12800.0 877
-3200.0 878
-3200.0 916
-3200.0 839
-3200.0 877
12800.0 878
-3200.0 879
-3200.0 917
-3200.0 840
-3200.0 878
12800.0 879
-3200.0 880
-3200.0 918
-3200.0 841
-3200.0 879
12800.0 880
-3200.0 881
-3200.0 919
-3200.0 842
-3200.0 880
12800.0 881
-3200.0 882
-3200.0 920
-3200.0 843
-3200.0 881
12800.0 882
-3200.0 883
-3200.0 921
-3200.0 844
-3200.0 882
12800.0 883
-3200.0 884
-3200.0 922
-3200.0 845
-3200.0 883
12800.0 884
-3200.0 885
-3200.0 923
-3200.0 846
-3200.0 884
12800.0 885
-3200.0 886
-3200.0 924
-3200.0 847
-3200.0 885
12800.0 886
-3200.0 887
-3200.0 925
-3200.0 848
-3200.0 886
12800.0 887
-3200.0 888
-3200.0 926
-3200.0 849
-3200.0 887
12800.0 888
-3200.0 889
-3200.0 927
-3200.0 850
-3200.0 888
12800.0 889
-3200.0 890
-3200.0 928
-3200.0 851
-3200.0 889
12800.0 890
-3200.0 891
-3200.0 929
-3200.0 852
-3200.0 890
12800.0 891
-3200.0 892
-3200.0 930
-3200.0 853
-3200.0 891
12800.0 892
-3200.0 893
-3200.0 931
-3200.0 854
-3200.0 892
12800.0 893
-3200.0 894
-3200.0 932
-3200.0 855
-3200.0 893
12800.0 894
-3200.0 895
-3200.0 933
-3200.0 856
-3200.0 894
12800.0 895
-3200.0 896
-3200.0 934
-3200.0 857
-3200.0 895
12800.0 896
-3200.0 935
-3200.0 858
12800.0 897
-3200.0 898
-3200.0 936
-3200.0 859
-3200.0 897
12800.0 898
-3200.0 899
-3200.0 937
-3200.0 860
-3200.0 898
12800.0 899
-3200.0 900
-3200.0 938
-3200.0 861
-3200.0 899
12800.0 900
-3200.0 901
-3200.0 939
-3200.0 862
-3200.0 900
12800.0 901
-3200.0 902
-3200.0 940
-3200.0 863
-3200.0 901
12800.0 902
-3200.0 903
-3200.0 941
-3200.0 864
-3200.0 902
12800.0 903
-3200.0 904
-3200.0 942
-3200.0 865
-3200.0 903
12800.0 904
-3200.0 905
-3200.0 943
-3200.0 866
-3200.0 904
12800.0 905
-3200.0 906
-3200.0 944
-3200.0 867
-3200.0 905
12800.0 906
-3200.0 907
-3200.0 945
-3200.0 868
-3200.0 906
12800.0 907
-3200.0 908
-3200.0 946
-3200.0 869
-3200.0 907
12800.0 908
-3200.0 909
-3200.0 947
-3200.0 870
-3200.0 908
12800.0 909
-3200.0 910
-3200.0 948
-3200.0 871
-3200.0 909
12800.0 910
-3200.0 911
-3200.0 949
-3200.0 872
-3200.0 910
12800.0 911
-3200.0 912
-3200.0 950
-3200.0 873
-3200.0 911
12800.0 912
-3200.0 913
-3200.0 951
-3200.0 874
-3200.0 912
12800.0 913
-3200.0 914
-3200.0 952
-3200.0 875
-3200.0 913
12800.0 914
-3200.0 915
-3200.0 953
-3200.0 876
-3200.0 914
12800.0 915
-3200.0 916
-3200.0 954
-3200.0 877
-3200.0 915
12800.0 916
-3200.0 917
-3200.0 955
-3200.0 878
-3200.0 916
12800.0 917
-3200.0 918
-3200.0 956
-3200.0 879
-3200.0 917
12800.0 918
-3200.0 919
-3200.0 957
-3200.0 880
-3200.0 918
12800.0 919
-3200.0 920
-3200.0 958
-3200.0 881
-3200.0 919
12800.0 920
-3200.0 921
-3200.0 959
-3200.0 882
-3200.0 920
12800.0 921
-3200.0 922
-3200.0 960
-3200.0 883
-3200.0 921
12800.0 922
-3200.0 923
-3200.0 961
-3200.0 884
-3200.0 922
12800.0 923
-3200.0 924
-3200.0 962
-3200.0 885
-3200.0 923
12800.0 924
-3200.0 925
-3200.0 963
-3200.0 886
-3200.0 924
12800.0 925
-3200.0 926
-3200.0 964
-3200.0 887
-3200.0 925
12800.0 926
-3200.0 927
-3200.0 965
-3200.0 888
-3200.0 926
12800.0 927
-3200.0 928
-3200.0 966
-3200.0 889
-3200.0 927
12800.0 928
-3200.0 929
-3200.0 967
-3200.0 890
-3200.0 928
12800.0 929
-3200.0 930
-3200.0 968
-3200.0 891
-3200.0 929
12800.0 930
-3200.0 931
-3200.0 969
-3200.0 892
-3200.0 930
12800.0 931
-3200.0 932
-3200.0 970
-3200.0 893
-3200.0 931
12800.0 932
-3200.0 933
-3200.0 971
-3200.0 894
-3200.0 932
12800.0 933
-3200.0 934
-3200.0 972
-3200.0 895
-3200.0 933
12800.0 934
-3200.0 935
-3200.0 973
-3200.0 896
-3200.0 934
12800.0 935
-3200.0 974
-3200.0 897
12800.0 936
-3200.0 937
-3200.0 975
-3200.0 898
-3200.0 936
12800.0 937
-3200.0 938
-3200.0 976
-3200.0 899
-3200.0 937
12800.0 938
-3200.0 939
-3200.0 977
-3200.0 900
-3200.0 938
12800.0 939
-3200.0 940
-3200.0 978
-3200.0 901
-3200.0 939
12800.0 940
-3200.0 941
-3200.0 979
-3200.0 902
-3200.0 940
12800.0 941
-3200.0 942
-3200.0 980
-3200.0 903
-3200.0 941
12800.0 942
-3200.0 943
-3200.0 981
-3200.0 904
-3200.0 942
12800.0 943
-3200.0 944
-3200.0 982
-3200.0 905
-3200.0 943
12800.0 944
-3200.0 945
-3200.0 983
-3200.0 906
-3200.0 944
12800.0 945
-3200.0 946
-3200.0 984
-3200.0 907
-3200.0 945
12800.0 946
-3200.0 947
-3200.0 985
-3200.0 908
-3200.0 946
12800.0 947
-3200.0 948
-3200.0 986
-3200.0 909
-3200.0 947
12800.0 948
-3200.0 949
-3200.0 987
-3200.0 910
-3200.0 948
12800.0 949
-3200.0 950
-3200.0 988
-3200.0 911
-3200.0 949
12800.0 950
-3200.0 951
-3200.0 989
-3200.0 912
-3200.0 950
12800.0 951
-3200.0 952
-3200.0 990
-3200.0 913
-3200.0 951
12800.0 952
-3200.0 953
-3200.0 991
-3200.0 914
-3200.0 952
12800.0 953
-3200.0 954
-3200.0 992
-3200.0 915
-3200.0 953
12800.0 954
-3200.0 955
-3200.0 993
-3200.0 916
-3200.0 954
12800.0 955
-3200.0 956
-3200.0 994
-3200.0 917
-3200.0 955
12800.0 956
-3200.0 957
-3200.0 995
-3200.0 918
-3200.0 956
12800.0 957
-3200.0 958
-3200.0 996
-3200.0 919
-3200.0 957
12800.0 958
-3200.0 959
-3200.0 997
-3200.0 920
-3200.0 958
12800.0 959
-3200.0 960
-3200.0 998
-3200.0 921
-3200.0 959
12800.0 960
-3200.0 961
-3200.0 999
-3200.0 922
-3200.0 960
12800.0 961
-3200.0 962
-3200.0 1000
-3200.0 923
-3200.0 961
12800.0 962
-3200.0 963
-3200.0 1001
-3200.0 924
-3200.0 962
12800.0 963
-3200.0 964
-3200.0 1002
-3200.0 925
-3200.0 963
12800.0 964
-3200.0 965
-3200.0 1003
-3200.0 926
-3200.0 964
12800.0 965
-3200.0 966
-3200.0 1004
-3200.0 927
-3200.0 965
12800.0 966
-3200.0 967
-3200.0 1005
-3200.0 928
-3200.0 966
12800.0 967
-3200.0 968
-3200.0 1006
-3200.0 929
-3200.0 967
12800.0 968
-3200.0 969
-3200.0 1007
-3200.0 930
-3200.0 968
12800.0 969
-3200.0 970
-3200.0 1008
-3200.0 931
-3200.0 969
12800.0 970
-3200.0 971
-3200.0 1009
-3200.0 932
-3200.0 970
12800.0 971
-3200.0 972
-3200.0 1010
-3200.0 933
-3200.0 971
12800.0 972
-3200.0 973
-3200.0 1011
-3200.0 934
-3200.0 972
12800.0 973
-3200.0 974
-3200.0 1012
-3200.0 935
-3200.0 973
12800.0 974
-3200.0 1013
-3200.0 936
12800.0 975
-3200.0 976
-3200.0 1014
-3200.0 937
-3200.0 975
12800.0 976
-3200.0 977
-3200.0 1015
-3200.0 938
-3200.0 976
12800.0 977
-3200.0 978
-3200.0 1016
-3200.0 939
-3200.0 977
12800.0 978
-3200.0 979
-3200.0 1017
-3200.0 940
-3200.0 978
12800.0 979
-3200.0 980
-3200.0 1018
-3200.0 941
-3200.0 979
12800.0 980
-3200.0 981
-3200.0 1019
-3200.0 942
-3200.0 980
12800.0 981
-3200.0 982
-3200.0 1020
-3200.0 943
-3200.0 981
12800.0 982
-3200.0 983
-3200.0 1021
-3200.0 944
-3200.0 982
12800.0 983
-3200.0 984
-3200.0 1022
-3200.0 945
-3200.0 983
12800.0 984
-3200.0 985
-3200.0 1023
-3200.0 946
-3200.0 984
12800.0 985
-3200.0 986
-3200.0 1024
-3200.0 947
-3200.0 985
12800.0 986
-3200.0 987
-3200.0 1025
-3200.0 948
-3200.0 986
12800.0 987
-3200.0 988
-3200.0 1026
-3200.0 949
-3200.0 987
12800.0 988
-3200.0 989
-3200.0 1027
-3200.0 950
-3200.0 988
12800.0 989
-3200.0 990
-3200.0 1028
-3200.0 951
-3200.0 989
12800.0 990
-3200.0 991
-3200.0 1029
-3200.0 952
-3200.0 990
12800.0 991
-3200.0 992
-3200.0 1030
-3200.0 953
-3200.0 991
12800.0 992
-3200.0 993
-3200.0 1031
-3200.0 954
-3200.0 992
12800.0 993
-3200.0 994
-3200.0 1032
-3200.0 955
-3200.0 993
12800.0 994
-3200.0 995
-3200.0 1033
-3200.0 956
-3200.0 994
12800.0 995
-3200.0 996
-3200.0 1034
-3200.0 957
-3200.0 995
12800.0 996
-3200.0 997
-3200.0 1035
-3200.0 958
-3200.0 996
12800.0 997
-3200.0 998
-3200.0 1036
-3200.0 959
-3200.0 997
12800.0 998
-3200.0 999
-3200.0 1037
-3200.0 960
-3200.0 998
12800.0 999
-3200.0 1000
-3200.0 1038
-3200.0 961
-3200.0 999
12800.0 1000
-3200.0 1001
-3200.0 1039
-3200.0 962
-3200.0 1000
12800.0 1001
-3200.0 1002
-3200.0 1040
-3200.0 963
-3200.0 1001
12800.0 1002
-3200.0 1003
-3200.0 1041
-3200.0 964
-3200.0 1002
12800.0 1003
-3200.0 1004
-3200.0 1042
-3200.0 965
-3200.0 1003
12800.0 1004
-3200.0 1005
-3200.0 1043
-3200.0 966
-3200.0 1004
12800.0 1005
-3200.0 1006
-3200.0 1044
-3200.0 967
-3200.0 1005
12800.0 1006
-3200.0 1007
-3200.0 1045
-3200.0 968
-3200.0 1006
12800.0 1007
-3200.0 1008
-3200.0 1046
-3200.0 969
-3200.0 1007
12800.0 1008
-3200.0 1009
-3200.0 1047
-3200.0 970
-3200.0 1008
12800.0 1009
-3200.0 1010
-3200.0 1048
-3200.0 971
-3200.0 1009
12800.0 1010
-3200.0 1011
-3200.0 1049
-3200.0 972
-3200.0 1010
12800.0 1011
-3200.0 1012
-3200.0 1050
-3200.0 973
-3200.0 1011
12800.0 1012
-3200.0 1013
-3200.0 1051
-3200.0 974
-3200.0 1012
12800.0 1013
-3200.0 1052
-3200.0 975
12800.0 1014
-3200.0 1015
-3200.0 1053
-3200.0 976
-3200.0 1014
12800.0 1015
-3200.0 1016
-3200.0 1054
-3200.0 977
-3200.0 1015
12800.0 1016
-3200.0 1017
-3200.0 1055
-3200.0 978
-3200.0 1016
12800.0 1017
-3200.0 1018
-3200.0 1056
-3200.0 979
-3200.0 1017
12800.0 1018
-3200.0 1019
-3200.0 1057
-3200.0 980
-3200.0 1018
12800.0 1019
-3200.0 1020
-3200.0 1058
-3200.0 981
-3200.0 1019
12800.0 1020
-3200.0 1021
-3200.0 1059
-3200.0 982
-3200.0 1020
12800.0 1021
-3200.0 1022
-3200.0 1060
-3200.0 983
-3200.0 1021
12800.0 1022
-3200.0 1023
-3200.0 1061
-3200.0 984
-3200.0 1022
12800.0 1023
-3200.0 1024
-3200.0 1062
-3200.0 985
-3200.0 1023
12800.0 1024
-3200.0 1025
-3200.0 1063
-3200.0 986
-3200.0 1024
12800.0 1025
-3200.0 1026
-3200.0 1064
-3200.0 987
-3200.0 1025
12800.0 1026
-3200.0 1027
-3200.0 1065
-3200.0 988
-3200.0 1026
12800.0 1027
-3200.0 1028
-3200.0 1066
-3200.0 989
-3200.0 1027
12800.0 1028
-3200.0 1029
-3200.0 1067
-3200.0 990
-3200.0 1028
12800.0 1029
-3200.0 1030
-3200.0 1068
-3200.0 991
-3200.0 1029
12800.0 1030
-3200.0 1031
-3200.0 1069
-3200.0 992
-3200.0 1030
12800.0 1031
-3200.0 1032
-3200.0 1070
-3200.0 993
-3200.0 1031
12800.0 1032
-3200.0 1033
-3200.0 1071
-3200.0 994
-3200.0 1032
12800.0 1033
-3200.0 1034
-3200.0 1072
-3200.0 995
-3200.0 1033
12800.0 1034
-3200.0 1035
-3200.0 1073
-3200.0 996
-3200.0 1034
12800.0 1035
-3200.0 1036
-3200.0 1074
-3200.0 997
-3200.0 1035
12800.0 1036
-3200.0 1037
-3200.0 1075
-3200.0 998
-3200.0 1036
12800.0 1037
-3200.0 1038
-3200.0 1076
-3200.0 999
-3200.0 1037
12800.0 1038
-3200.0 1039
-3200.0 1077
-3200.0 1000
-3200.0 1038
12800.0 1039
-3200.0 1040
-3200.0 1078
-3200.0 1001
-3200.0 1039
12800.0 1040
-3200.0 1041
-3200.0 1079
-3200.0 1002
-3200.0 1040
12800.0 1041
-3200.0 1042
-3200.0 1080
-3200.0 1003
-3200.0 1041
12800.0 1042
-3200.0 1043
-3200.0 1081
-3200.0 1004
-3200.0 1042
12800.0 1043
-3200.0 1044
-3200.0 1082
-3200.0 1005
-3200.0 1043
12800.0 1044
-3200.0 1045
-3200.0 1083
-3200.0 1006
-3200.0 1044
12800.0 1045
-3200.0 1046
-3200.0 1084
-3200.0 1007
-3200.0 1045
12800.0 1046
-3200.0 1047
-3200.0 1085
-3200.0 1008
-3200.0 1046
12800.0 1047
-3200.0 1048
-3200.0 1086
-3200.0 1009
-3200.0 1047
12800.0 1048
-3200.0 1049
-3200.0 1087
-3200.0 1010
-3200.0 1048
12800.0 1049
-3200.0 1050
-3200.0 1088
-3200.0 1011
-3200.0 1049
12800.0 1050
-3200.0 1051
-3200.0 1089
-3200.0 1012
-3200.0 1050
12800.0 1051
-3200.0 1052
-3200.0 1090
-3200.0 1013
-3200.0 1051
12800.0 1052
-3200.0 1091
-3200.0 1014
12800.0 1053
-3200.0 1054
-3200.0 1092
-3200.0 1015
-3200.0 1053
12800.0 1054
-3200.0 1055
-3200.0 1093
-3200.0 1016
-3200.0 1054
12800.0 1055
-3200.0 1056
-3200.0 1094
-3200.0 1017
-3200.0 1055
12800.0 1056
-3200.0 1057
-3200.0 1095
-3200.0 1018
-3200.0 1056
12800.0 1057
-3200.0 1058
-3200.0 1096
-3200.0 1019
-3200.0 1057
12800.0 1058
-3200.0 1059
-3200.0 1097
-3200.0 1020
-3200.0 1058
12800.0 1059
-3200.0 1060
-3200.0 1098
-3200.0 1021
-3200.0 1059
12800.0 1060
-3200.0 1061
-3200.0 1099
-3200.0 1022
-3200.0 1060
12800.0 1061
-3200.0 1062
-3200.0 1100
-3200.0 1023
-3200.0 1061
12800.0 1062
-3200.0 1063
-3200.0 1101
-3200.0 1024
-3200.0 1062
12800.0 1063
-3200.0 1064
-3200.0 1102
-3200.0 1025
-3200.0 1063
12800.0 1064
-3200.0 1065
-3200.0 1103
-3200.0 1026
-3200.0 1064
12800.0 1065
-3200.0 1066
-3200.0 1104
-3200.0 1027
-3200.0 1065
12800.0 1066
-3200.0 1067
-3200.0 1105
-3200.0 1028
-3200.0 1066
12800.0 1067
-3200.0 1068
-3200.0 1106
-3200.0 1029
-3200.0 1067
12800.0 1068
-3200.0 1069
-3200.0 1107
-3200.0 1030
-3200.0 1068
12800.0 1069
-3200.0 1070
-3200.0 1108
-3200.0 1031
-3200.0 1069
12800.0 1070
-3200.0 1071
-3200.0 1109
-3200.0 1032
-3200.0 1070
12800.0 1071
-3200.0 1072
-3200.0 1110
-3200.0 1033
-3200.0 1071
12800.0 1072
-3200.0 1073
-3200.0 1111
-3200.0 1034
-3200.0 1072
12800.0 1073
-3200.0 1074
-3200.0 1112
-3200.0 1035
-3200.0 1073
12800.0 1074
-3200.0 1075
-3200.0 1113
-3200.0 1036
-3200.0 1074
12800.0 1075
-3200.0 1076
-3200.0 1114
-3200.0 1037
-3200.0 1075
12800.0 1076
-3200.0 1077
-3200.0 1115
-3200.0 1038
-3200.0 1076
12800.0 1077
-3200.0 1078
-3200.0 1116
-3200.0 1039
-3200.0 1077
12800.0 1078
-3200.0 1079
-3200.0 1117
-3200.0 1040
-3200.0 1078
12800.0 1079
-3200.0 1080
-3200.0 1118
-3200.0 1041
-3200.0 1079
12800.0 1080
-3200.0 1081
-3200.0 1119
-3200.0 1042
-3200.0 1080
12800.0 1081
-3200.0 1082
-3200.0 1120
-3200.0 1043
-3200.0 1081
12800.0 1082
-3200.0 1083
-3200.0 1121
-3200.0 1044
-3200.0 1082
12800.0 1083
-3200.0 1084
-3200.0 1122
-3200.0 1045
-3200.0 1083
12800.0 1084
-3200.0 1085
-3200.0 1123
-3200.0 1046
-3200.0 1084
12800.0 1085
-3200.0 1086
-3200.0 1124
-3200.0 1047
-3200.0 1085
12800.0 1086
-3200.0 1087
-3200.0 1125
-3200.0 1048
-3200.0 1086
12800.0 1087
-3200.0 1088
-3200.0 1126
-3200.0 1049
-3200.0 1087
12800.0 1088
-3200.0 1089
-3200.0 1127
-3200.0 1050
-3200.0 1088
12800.0 1089
-3200.0 1090
-3200.0 1128
-3200.0 1051
-3200.0 1089
12800.0 1090
-3200.0 1091
-3200.0 1129
-3200.0 1052
-3200.0 1090
12800.0 1091
-3200.0 1130
-3200.0 1053
12800.0 1092
-3200.0 1093
-3200.0 1131
-3200.0 1054
-3200.0 1092
12800.0 1093
-3200.0 1094
-3200.0 1132
-3200.0 1055
-3200.0 1093
12800.0 1094
-3200.0 1095
-3200.0 1133
-3200.0 1056
-3200.0 1094
12800.0 1095
-3200.0 1096
-3200.0 1134
-3200.0 1057
-3200.0 1095
12800.0 1096
-3200.0 1097
-3200.0 1135
-3200.0 1058
-3200.0 1096
12800.0 1097
-3200.0 1098
-3200.0 1136
-3200.0 1059
-3200.0 1097
12800.0 1098
-3200.0 1099
-3200.0 1137
-3200.0 1060
-3200.0 1098
12800.0 1099
-3200.0 1100
-3200.0 1138
-3200.0 1061
-3200.0 1099
12800.0 1100
-3200.0 1101
-3200.0 1139
-3200.0 1062
-3200.0 1100
12800.0 1101
-3200.0 1102
-3200.0 1140
-3200.0 1063
-3200.0 1101
12800.0 1102
-3200.0 1103
-3200.0 1141
-3200.0 1064
-3200.0 1102
12800.0 1103
-3200.0 1104
-3200.0 1142
-3200.0 1065
-3200.0 1103
12800.0 1104
-3200.0 1105
-3200.0 1143
-3200.0 1066
-3200.0 1104
12800.0 1105
-3200.0 1106
-3200.0 1144
-3200.0 1067
-3200.0 1105
12800.0 1106
-3200.0 1107
-3200.0 1145
-3200.0 1068
-3200.0 1106
12800.0 1107
-3200.0 1108
-3200.0 1146
-3200.0 1069
-3200.0 1107
12800.0 1108
-3200.0 1109
-3200.0 1147
-3200.0 1070
-3200.0 1108
12800.0 1109
-3200.0 1110
-3200.0 1148
-3200.0 1071
-3200.0 1109
12800.0 1110
-3200.0 1111
-3200.0 1149
-3200.0 1072
-3200.0 1110
12800.0 1111
-3200.0 1112
-3200.0 1150
-3200.0 1073
-3200.0 1111
12800.0 1112
-3200.0 1113
-3200.0 1151
-3200.0 1074
-3200.0 1112
12800.0 1113
-3200.0 1114
-3200.0 1152
-3200.0 1075
-3200.0 1113
12800.0 1114
-3200.0 1115
-3200.0 1153
-3200.0 1076
-3200.0 1114
12800.0 1115
-3200.0 1116
-3200.0 1154
-3200.0 1077
-3200.0 1115
12800.0 1116
-3200.0 1117
-3200.0 1155
-3200.0 1078
-3200.0 1116
12800.0 1117
-3200.0 1118
-3200.0 1156
-3200.0 1079
-3200.0 1117
12800.0 1118
-3200.0 1119
-3200.0 1157
-3200.0 1080
-3200.0 1118
12800.0 1119
-3200.0 1120
-3200.0 1158
-3200.0 1081
-3200.0 1119
12800.0 1120
-3200.0 1121
-3200.0 1159
-3200.0 1082
-3200.0 1120
12800.0 1121
-3200.0 1122
-3200.0 1160
-3200.0 1083
-3200.0 1121
12800.0 1122
-3200.0 1123
-3200.0 1161
-3200.0 1084
-3200.0 1122
12800.0 1123
-3200.0 1124
-3200.0 1162
-3200.0 1085
-3200.0 1123
12800.0 1124
-3200.0 1125
-3200.0 1163
-3200.0 1086
-3200.0 1124
12800.0 1125
-3200.0 1126
-3200.0 1164
-3200.0 1087
-3200.0 1125
12800.0 1126
-3200.0 1127
-3200.0 1165
-3200.0 1088
-3200.0 1126
12800.0 1127
-3200.0 1128
-3200.0 1166
-3200.0 1089
-3200.0 1127
12800.0 1128
-3200.0 1129
-3200.0 1167
-3200.0 1090
-3200.0 1128
12800.0 1129
-3200.0 1130
-3200.0 1168
-3200.0 1091
-3200.0 1129
12800.0 1130
-3200.0 1169
-3200.0 1092
12800.0 1131
-3200.0 1132
-3200.0 1170
-3200.0 1093
-3200.0 1131
12800.0 1132
-3200.0 1133
-3200.0 1171
-3200.0 1094
-3200.0 1132
12800.0 1133
-3200.0 1134
-3200.0 1172
-3200.0 1095
-3200.0 1133
12800.0 1134
-3200.0 1135
-3200.0 1173
-3200.0 1096
-3200.0 1134
12800.0 1135
-3200.0 1136
-3200.0 1174
-3200.0 1097
-3200.0 1135
12800.0 1136
-3200.0 1137
-3200.0 1175
-3200.0 1098
-3200.0 1136
12800.0 1137
-3200.0 1138
-3200.0 1176
-3200.0 1099
-3200.0 1137
12800.0 1138
-3200.0 1139
-3200.0 1177
-3200.0 1100
-3200.0 1138
12800.0 1139
-3200.0 1140
-3200.0 1178
-3200.0 1101
-3200.0 1139
12800.0 1140
-3200.0 1141
-3200.0 1179
-3200.0 1102
-3200.0 1140
12800.0 1141
-3200.0 1142
-3200.0 1180
-3200.0 1103
-3200.0 1141
12800.0 1142
-3200.0 1143
-3200.0 1181
-3200.0 1104
-3200.0 1142
12800.0 1143
-3200.0 1144
-3200.0 1182
-3200.0 1105
-3200.0 1143
12800.0 1144
-3200.0 1145
-3200.0 1183
-3200.0 1106
-3200.0 1144
12800.0 1145
-3200.0 1146
-3200.0 1184
-3200.0 1107
-3200.0 1145
12800.0 1146
-3200.0 1147
-3200.0 1185
-3200.0 1108
-3200.0 1146
12800.0 1147
-3200.0 1148
-3200.0 1186
-3200.0 1109
-3200.0 1147
12800.0 1148
-3200.0 1149
-3200.0 1187
-3200.0 1110
-3200.0 1148
12800.0 1149
-3200.0 1150
-3200.0 1188
-3200.0 1111
-3200.0 1149
12800.0 1150
-3200.0 1151
-3200.0 1189
-3200.0 1112
-3200.0 1150
12800.0 1151
-3200.0 1152
-3200.0 1190
-3200.0 1113
-3200.0 1151
12800.0 1152
-3200.0 1153
-3200.0 1191
-3200.0 1114
-3200.0 1152
12800.0 1153
-3200.0 1154
-3200.0 1192
-3200.0 1115
-3200.0 1153
12800.0 1154
-3200.0 1155
-3200.0 1193
-3200.0 1116
-3200.0 1154
12800.0 1155
-3200.0 1156
-3200.0 1194
-3200.0 1117
-3200.0 1155
12800.0 1156
-3200.0 1157
-3200.0 1195
-3200.0 1118
-3200.0 1156
12800.0 1157
-3200.0 1158
-3200.0 1196
-3200.0 1119
-3200.0 1157
12800.0 1158
-3200.0 1159
-3200.0 1197
-3200.0 1120
-3200.0 1158
12800.0 1159
-3200.0 1160
-3200.0 1198
-3200.0 1121
-3200.0 1159
12800.0 1160
-3200.0 1161
-3200.0 1199
-3200.0 1122
-3200.0 1160
12800.0 1161
-3200.0 1162
-3200.0 1200
-3200.0 1123
-3200.0 1161
12800.0 1162
-3200.0 1163
-3200.0 1201
-3200.0 1124
-3200.0 1162
12800.0 1163
-3200.0 1164
-3200.0 1202
-3200.0 1125
-3200.0 1163
12800.0 1164
-3200.0 1165
-3200.0 1203
-3200.0 1126
-3200.0 1164
12800.0 1165
-3200.0 1166
-3200.0 1204
-3200.0 1127
-3200.0 1165
12800.0 1166
-3200.0 1167
-3200.0 1205
-3200.0 1128
-3200.0 1166
12800.0 1167
-3200.0 1168
-3200.0 1206
-3200.0 1129
-3200.0 1167
12800.0 1168
-3200.0 1169
-3200.0 1207
-3200.0 1130
-3200.0 1168
12800.0 1169
-3200.0 1208
-3200.0 1131
12800.0 1170
-3200.0 1171
-3200.0 1209
-3200.0 1132
-3200.0 1170
12800.0 1171
-3200.0 1172
-3200.0 1210
-3200.0 1133
-3200.0 1171
12800.0 1172
-3200.0 1173
-3200.0 1211
-3200.0 1134
-3200.0 1172
12800.0 1173
-3200.0 1174
-3200.0 1212
-3200.0 1135
-3200.0 1173
12800.0 1174
-3200.0 1175
-3200.0 1213
-3200.0 1136
-3200.0 1174
12800.0 1175
-3200.0 1176
-3200.0 1214
-3200.0 1137
-3200.0 1175
12800.0 1176
-3200.0 1177
-3200.0 1215
-3200.0 1138
-3200.0 1176
12800.0 1177
-3200.0 1178
-3200.0 1216
-3200.0 1139
-3200.0 1177
12800.0 1178
-3200.0 1179
-3200.0 1217
-3200.0 1140
-3200.0 1178
12800.0 1179
-3200.0 1180
-3200.0 1218
-3200.0 1141
-3200.0 1179
12800.0 1180
-3200.0 1181
-3200.0 1219
-3200.0 1142
-3200.0 1180
12800.0 1181
-3200.0 1182
-3200.0 1220
-3200.0 1143
-3200.0 1181
12800.0 1182
-3200.0 1183
-3200.0 1221
-3200.0 1144
-3200.0 1182
12800.0 1183
-3200.0 1184
-3200.0 1222
-3200.0 1145
-3200.0 1183
12800.0 1184
-3200.0 1185
-3200.0 1223
-3200.0 1146
-3200.0 1184
12800.0 1185
-3200.0 1186
-3200.0 1224
-3200.0 1147
-3200.0 1185
12800.0 1186
-3200.0 1187
-3200.0 1225
-3200.0 1148
-3200.0 1186
12800.0 1187
-3200.0 1188
-3200.0 1226
-3200.0 1149
-3200.0 1187
12800.0 1188
-3200.0 1189
-3200.0 1227
-3200.0 1150
-3200.0 1188
12800.0 1189
-3200.0 1190
-3200.0 1228
-3200.0 1151
-3200.0 1189
12800.0 1190
-3200.0 1191
-3200.0 1229
-3200.0 1152
-3200.0 1190
12800.0 1191
-3200.0 1192
-3200.0 1230
-3200.0 1153
-3200.0 1191
12800.0 1192
-3200.0 1193
-3200.0 1231
-3200.0 1154
-3200.0 1192
12800.0 1193
-3200.0 1194
-3200.0 1232
-3200.0 1155
-3200.0 1193
12800.0 1194
-3200.0 1195
-3200.0 1233
-3200.0 1156
-3200.0 1194
12800.0 1195
-3200.0 1196
-3200.0 1234
-3200.0 1157
-3200.0 1195
12800.0 1196
-3200.0 1197
-3200.0 1235
-3200.0 1158
-3200.0 1196
12800.0 1197
-3200.0 1198
-3200.0 1236
-3200.0 1159
-3200.0 1197
12800.0 1198
-3200.0 1199
-3200.0 1237
-3200.0 1160
-3200.0 1198
12800.0 1199
-3200.0 1200
-3200.0 1238
-3200.0 1161
-3200.0 1199
12800.0 1200
-3200.0 1201
-3200.0 1239
-3200.0 1162
-3200.0 1200
12800.0 1201
-3200.0 1202
-3200.0 1240
-3200.0 1163
-3200.0 1201
12800.0 1202
-3200.0 1203
-3200.0 1241
-3200.0 1164
-3200.0 1202
12800.0 1203
-3200.0 1204
-3200.0 1242
-3200.0 1165
-3200.0 1203
12800.0 1204
-3200.0 1205
-3200.0 1243
-3200.0 1166
-3200.0 1204
12800.0 1205
-3200.0 1206
-3200.0 1244
-3200.0 1167
-3200.0 1205
12800.0 1206
-3200.0 1207
-3200.0 1245
-3200.0 1168
-3200.0 1206
12800.0 1207
-3200.0 1208
-3200.0 1246
-3200.0 1169
-3200.0 1207
12800.0 1208
-3200.0 1247
-3200.0 1170
12800.0 1209
-3200.0 1210
-3200.0 1248
-3200.0 1171
-3200.0 1209
12800.0 1210
-3200.0 1211
-3200.0 1249
-3200.0 1172
-3200.0 1210
12800.0 1211
-3200.0 1212
-3200.0 1250
-3200.0 1173
-3200.0 1211
12800.0 1212
-3200.0 1213
-3200.0 1251
-3200.0 1174
-3200.0 1212
12800.0 1213
-3200.0 1214
-3200.0 1252
-3200.0 1175
-3200.0 1213
12800.0 1214
-3200.0 1215
-3200.0 1253
-3200.0 1176
-3200.0 1214
12800.0 1215
-3200.0 1216
-3200.0 1254
-3200.0 1177
-3200.0 1215
12800.0 1216
-3200.0 1217
-3200.0 1255
-3200.0 1178
-3200.0 1216
12800.0 1217
-3200.0 1218
-3200.0 1256
-3200.0 1179
-3200.0 1217
12800.0 1218
-3200.0 1219
-3200.0 1257
-3200.0 1180
-3200.0 1218
12800.0 1219
-3200.0 1220
-3200.0 1258
-3200.0 1181
-3200.0 1219
12800.0 1220
-3200.0 1221
-3200.0 1259
-3200.0 1182
-3200.0 1220
12800.0 1221
-3200.0 1222
-3200.0 1260
-3200.0 1183
-3200.0 1221
12800.0 1222
-3200.0 1223
-3200.0 1261
-3200.0 1184
-3200.0 1222
12800.0 1223
-3200.0 1224
-3200.0 1262
-3200.0 1185
-3200.0 1223
12800.0 1224
-3200.0 1225
-3200.0 1263
-3200.0 1186
-3200.0 1224
12800.0 1225
-3200.0 1226
-3200.0 1264
-3200.0 1187
-3200.0 1225
12800.0 1226
-3200.0 1227
-3200.0 1265
-3200.0 1188
-3200.0 1226
12800.0 1227
-3200.0 1228
-3200.0 1266
-3200.0 1189
-3200.0 1227
12800.0 1228
-3200.0 1229
-3200.0 1267
-3200.0 1190
-3200.0 1228
12800.0 1229
-3200.0 1230
-3200.0 1268
-3200.0 1191
-3200.0 1229
12800.0 1230
-3200.0 1231
-3200.0 1269
-3200.0 1192
-3200.0 1230
12800.0 1231
-3200.0 1232
-3200.0 1270
-3200.0 1193
-3200.0 1231
12800.0 1232
-3200.0 1233
-3200.0 1271
-3200.0 1194
-3200.0 1232
12800.0 1233
-3200.0 1234
-3200.0 1272
-3200.0 1195
-3200.0 1233
12800.0 1234
-3200.0 1235
-3200.0 1273
-3200.0 1196
-3200.0 1234
12800.0 1235
-3200.0 1236
-3200.0 1274
-3200.0 1197
-3200.0 1235
12800.0 1236
-3200.0 1237
-3200.0 1275
-3200.0 1198
-3200.0 1236
12800.0 1237
-3200.0 1238
-3200.0 1276
-3200.0 1199
-3200.0 1237
12800.0 1238
-3200.0 1239
-3200.0 1277
-3200.0 1200
-3200.0 1238
12800.0 1239
-3200.0 1240
-3200.0 1278
-3200.0 1201
-3200.0 1239
12800.0 1240
-3200.0 1241
-3200.0 1279
-3200.0 1202
-3200.0 1240
12800.0 1241
-3200.0 1242
-3200.0 1280
-3200.0 1203
-3200.0 1241
12800.0 1242
-3200.0 1243
-3200.0 1281
-3200.0 1204
-3200.0 1242
12800.0 1243
-3200.0 1244
-3200.0 1282
-3200.0 1205
-3200.0 1243
12800.0 1244
-3200.0 1245
-3200.0 1283
-3200.0 1206
-3200.0 1244
12800.0 1245
-3200.0 1246
-3200.0 1284
-3200.0 1207
-3200.0 1245
12800.0 1246
-3200.0 1247
-3200.0 1285
-3200.0 1208
-3200.0 1246
12800.0 1247
-3200.0 1286
-3200.0 1209
12800.0 1248
-3200.0 1249
-3200.0 1287
-3200.0 1210
-3200.0 1248
12800.0 1249
-3200.0 1250
-3200.0 1288
-3200.0 1211
-3200.0 1249
12800.0 1250
-3200.0 1251
-3200.0 1289
-3200.0 1212
-3200.0 1250
12800.0 1251
-3200.0 1252
-3200.0 1290
-3200.0 1213
-3200.0 1251
12800.0 1252
-3200.0 1253
-3200.0 1291
-3200.0 1214
-3200.0 1252
12800.0 1253
-3200.0 1254
-3200.0 1292
-3200.0 1215
-3200.0 1253
12800.0 1254
-3200.0 1255
-3200.0 1293
-3200.0 1216
-3200.0 1254
12800.0 1255
-3200.0 1256
-3200.0 1294
-3200.0 1217
-3200.0 1255
12800.0 1256
-3200.0 1257
-3200.0 1295
-3200.0 1218
-3200.0 1256
12800.0 1257
-3200.0 1258
-3200.0 1296
-3200.0 1219
-3200.0 1257
12800.0 1258
-3200.0 1259
-3200.0 1297
-3200.0 1220
-3200.0 1258
12800.0 1259
-3200.0 1260
-3200.0 1298
-3200.0 1221
-3200.0 1259
12800.0 1260
-3200.0 1261
-3200.0 1299
-3200.0 1222
-3200.0 1260
12800.0 1261
-3200.0 1262
-3200.0 1300
-3200.0 1223
-3200.0 1261
12800.0 1262
-3200.0 1263
-3200.0 1301
-3200.0 1224
-3200.0 1262
12800.0 1263
-3200.0 1264
-3200.0 1302
-3200.0 1225
-3200.0 1263
12800.0 1264
-3200.0 1265
-3200.0 1303
-3200.0 1226
-3200.0 1264
12800.0 1265
-3200.0 1266
-3200.0 1304
-3200.0 1227
-3200.0 1265
12800.0 1266
-3200.0 1267
-3200.0 1305
-3200.0 1228
-3200.0 1266
12800.0 1267
-3200.0 1268
-3200.0 1306
-3200.0 1229
-3200.0 1267
12800.0 1268
-3200.0 1269
-3200.0 1307
-3200.0 1230
-3200.0 1268
12800.0 1269
-3200.0 1270
-3200.0 1308
-3200.0 1231
-3200.0 1269
12800.0 1270
-3200.0 1271
-3200.0 1309
-3200.0 1232
-3200.0 1270
12800.0 1271
-3200.0 1272
-3200.0 1310
-3200.0 1233
-3200.0 1271
12800.0 1272
-3200.0 1273
-3200.0 1311
-3200.0 1234
-3200.0 1272
12800.0 1273
-3200.0 1274
-3200.0 1312
-3200.0 1235
-3200.0 1273
12800.0 1274
-3200.0 1275
-3200.0 1313
-3200.0 1236
-3200.0 1274
12800.0 1275
-3200.0 1276
-3200.0 1314
-3200.0 1237
-3200.0 1275
12800.0 1276
-3200.0 1277
-3200.0 1315
-3200.0 1238
-3200.0 1276
12800.0 1277
-3200.0 1278
-3200.0 1316
-3200.0 1239
-3200.0 1277
12800.0 1278
-3200.0 1279
-3200.0 1317
-3200.0 1240
-3200.0 1278
12800.0 1279
-3200.0 1280
-3200.0 1318
-3200.0 1241
-3200.0 1279
12800.0 1280
-3200.0 1281
-3200.0 1319
-3200.0 1242
-3200.0 1280
12800.0 1281
-3200.0 1282
-3200.0 1320
-3200.0 1243
-3200.0 1281
12800.0 1282
-3200.0 1283
-3200.0 1321
-3200.0 1244
-3200.0 1282
12800.0 1283
-3200.0 1284
-3200.0 1322
-3200.0 1245
-3200.0 1283
12800.0 1284
-3200.0 1285
-3200.0 1323
-3200.0 1246
-3200.0 1284
12800.0 1285
-3200.0 1286
-3200.0 1324
-3200.0 1247
-3200.0 1285
12800.0 1286
-3200.0 1325
-3200.0 1248
12800.0 1287
-3200.0 1288
-3200.0 1326
-3200.0 1249
-3200.0 1287
12800.0 1288
-3200.0 1289
-3200.0 1327
-3200.0 1250
-3200.0 1288
12800.0 1289
-3200.0 1290
-3200.0 1328
-3200.0 1251
-3200.0 1289
12800.0 1290
-3200.0 1291
-3200.0 1329
-3200.0 1252
-3200.0 1290
12800.0 1291
-3200.0 1292
-3200.0 1330
-3200.0 1253
-3200.0 1291
12800.0 1292
-3200.0 1293
-3200.0 1331
-3200.0 1254
-3200.0 1292
12800.0 1293
-3200.0 1294
-3200.0 1332
-3200.0 1255
-3200.0 1293
12800.0 1294
-3200.0 1295
-3200.0 1333
-3200.0 1256
-3200.0 1294
12800.0 1295
-3200.0 1296
-3200.0 1334
-3200.0 1257
-3200.0 1295
12800.0 1296
-3200.0 1297
-3200.0 1335
-3200.0 1258
-3200.0 1296
12800.0 1297
-3200.0 1298
-3200.0 1336
-3200.0 1259
-3200.0 1297
12800.0 1298
-3200.0 1299
-3200.0 1337
-3200.0 1260
-3200.0 1298
12800.0 1299
-3200.0 1300
-3200.0 1338
-3200.0 1261
-3200.0 1299
12800.0 1300
-3200.0 1301
-3200.0 1339
-3200.0 1262
-3200.0 1300
12800.0 1301
-3200.0 1302
-3200.0 1340
-3200.0 1263
-3200.0 1301
12800.0 1302
-3200.0 1303
-3200.0 1341
-3200.0 1264
-3200.0 1302
12800.0 1303
-3200.0 1304
-3200.0 1342
-3200.0 1265
-3200.0 1303
12800.0 1304
-3200.0 1305
-3200.0 1343
-3200.0 1266
-3200.0 1304
12800.0 1305
-3200.0 1306
-3200.0 1344
-3200.0 1267
-3200.0 1305
12800.0 1306
-3200.0 1307
-3200.0 1345
-3200.0 1268
-3200.0 1306
12800.0 1307
-3200.0 1308
-3200.0 1346
-3200.0 1269
-3200.0 1307
12800.0 1308
-3200.0 1309
-3200.0 1347
-3200.0 1270
-3200.0 1308
12800.0 1309
-3200.0 1310
-3200.0 1348
-3200.0 1271
-3200.0 1309
12800.0 1310
-3200.0 1311
-3200.0 1349
-3200.0 1272
-3200.0 1310
12800.0 1311
-3200.0 1312
-3200.0 1350
-3200.0 1273
-3200.0 1311
12800.0 1312
-3200.0 1313
-3200.0 1351
-3200.0 1274
-3200.0 1312
12800.0 1313
-3200.0 1314
-3200.0 1352
-3200.0 1275
-3200.0 1313
12800.0 1314
-3200.0 1315
-3200.0 1353
-3200.0 1276
-3200.0 1314
12800.0 1315
-3200.0 1316
-3200.0 1354
-3200.0 1277
-3200.0 1315
12800.0 1316
-3200.0 1317
-3200.0 1355
-3200.0 1278
-3200.0 1316
12800.0 1317
-3200.0 1318
-3200.0 1356
-3200.0 1279
-3200.0 1317
12800.0 1318
-3200.0 1319
-3200.0 1357
-3200.0 1280
-3200.0 1318
12800.0 1319
-3200.0 1320
-3200.0 1358
-3200.0 1281
-3200.0 1319
12800.0 1320
-3200.0 1321
-3200.0 1359
-3200.0 1282
-3200.0 1320
12800.0 1321
-3200.0 1322
-3200.0 1360
-3200.0 1283
-3200.0 1321
12800.0 1322
-3200.0 1323
-3200.0 1361
-3200.0 1284
-3200.0 1322
12800.0 1323
-3200.0 1324
-3200.0 1362
-3200.0 1285
-3200.0 1323
12800.0 1324
-3200.0 1325
-3200.0 1363
-3200.0 1286
-3200.0 1324
12800.0 1325
-3200.0 1364
-3200.0 1287
12800.0 1326
-3200.0 1327
-3200.0 1365
-3200.0 1288
-3200.0 1326
12800.0 1327
-3200.0 1328
-3200.0 1366
-3200.0 1289
-3200.0 1327
12800.0 1328
-3200.0 1329
-3200.0 1367
-3200.0 1290
-3200.0 1328
12800.0 1329
-3200.0 1330
-3200.0 1368
-3200.0 1291
-3200.0 1329
12800.0 1330
-3200.0 1331
-3200.0 1369
-3200.0 1292
-3200.0 1330
12800.0 1331
-3200.0 1332
-3200.0 1370
-3200.0 1293
-3200.0 1331
12800.0 1332
-3200.0 1333
-3200.0 1371
-3200.0 1294
-3200.0 1332
12800.0 1333
-3200.0 1334
-3200.0 1372
-3200.0 1295
-3200.0 1333
12800.0 1334
-3200.0 1335
-3200.0 1373
-3200.0 1296
-3200.0 1334
12800.0 1335
-3200.0 1336
-3200.0 1374
-3200.0 1297
-3200.0 1335
12800.0 1336
-3200.0 1337
-3200.0 1375
-3200.0 1298
-3200.0 1336
12800.0 1337
-3200.0 1338
-3200.0 1376
-3200.0 1299
-3200.0 1337
12800.0 1338
-3200.0 1339
-3200.0 1377
-3200.0 1300
-3200.0 1338
12800.0 1339
-3200.0 1340
-3200.0 1378
-3200.0 1301
-3200.0 1339
12800.0 1340
-3200.0 1341
-3200.0 1379
-3200.0 1302
-3200.0 1340
12800.0 1341
-3200.0 1342
-3200.0 1380
-3200.0 1303
-3200.0 1341
12800.0 1342
-3200.0 1343
-3200.0 1381
-3200.0 1304
-3200.0 1342
12800.0 1343
-3200.0 1344
-3200.0 1382
-3200.0 1305
-3200.0 1343
12800.0 1344
-3200.0 1345
-3200.0 1383
-3200.0 1306
-3200.0 1344
12800.0 1345
-3200.0 1346
-3200.0 1384
-3200.0 1307
-3200.0 1345
12800.0 1346
-3200.0 1347
-3200.0 1385
-3200.0 1308
-3200.0 1346
12800.0 1347
-3200.0 1348
-3200.0 1386
-3200.0 1309
-3200.0 1347
12800.0 1348
-3200.0 1349
-3200.0 1387
-3200.0 1310
-3200.0 1348
12800.0 1349
-3200.0 1350
-3200.0 1388
-3200.0 1311
-3200.0 1349
12800.0 1350
-3200.0 1351
-3200.0 1389
-3200.0 1312
-3200.0 1350
12800.0 1351
-3200.0 1352
-3200.0 1390
-3200.0 1313
-3200.0 1351
12800.0 1352
-3200.0 1353
-3200.0 1391
-3200.0 1314
-3200.0 1352
12800.0 1353
-3200.0 1354
-3200.0 1392
-3200.0 1315
-3200.0 1353
12800.0 1354
-3200.0 1355
-3200.0 1393
-3200.0 1316
-3200.0 1354
12800.0 1355
-3200.0 1356
-3200.0 1394
-3200.0 1317
-3200.0 1355
12800.0 1356
-3200.0 1357
-3200.0 1395
-3200.0 1318
-3200.0 1356
12800.0 1357
-3200.0 1358
-3200.0 1396
-3200.0 1319
-3200.0 1357
12800.0 1358
-3200.0 1359
-3200.0 1397
-3200.0 1320
-3200.0 1358
12800.0 1359
-3200.0 1360
-3200.0 1398
-3200.0 1321
-3200.0 1359
12800.0 1360
-3200.0 1361
-3200.0 1399
-3200.0 1322
-3200.0 1360
12800.0 1361
-3200.0 1362
-3200.0 1400
-3200.0 1323
-3200.0 1361
12800.0 1362
-3200.0 1363
-3200.0 1401
-3200.0 1324
-3200.0 1362
12800.0 1363
-3200.0 1364
-3200.0 1402
-3200.0 1325
-3200.0 1363
12800.0 1364
-3200.0 1403
-3200.0 1326
12800.0 1365
-3200.0 1366
-3200.0 1404
-3200.0 1327
-3200.0 1365
12800.0 1366
-3200.0 1367
-3200.0 1405
-3200.0 1328
-3200.0 1366
12800.0 1367
-3200.0 1368
-3200.0 1406
-3200.0 1329
-3200.0 1367
12800.0 1368
-3200.0 1369
-3200.0 1407
-3200.0 1330
-3200.0 1368
12800.0 1369
-3200.0 1370
-3200.0 1408
-3200.0 1331
-3200.0 1369
12800.0 1370
-3200.0 1371
-3200.0 1409
-3200.0 1332
-3200.0 1370
12800.0 1371
-3200.0 1372
-3200.0 1410
-3200.0 1333
-3200.0 1371
12800.0 1372
-3200.0 1373
-3200.0 1411
-3200.0 1334
-3200.0 1372
12800.0 1373
-3200.0 1374
-3200.0 1412
-3200.0 1335
-3200.0 1373
12800.0 1374
-3200.0 1375
-3200.0 1413
-3200.0 1336
-3200.0 1374
12800.0 1375
-3200.0 1376
-3200.0 1414
-3200.0 1337
-3200.0 1375
12800.0 1376
-3200.0 1377
-3200.0 1415
-3200.0 1338
-3200.0 1376
12800.0 1377
-3200.0 1378
-3200.0 1416
-3200.0 1339
-3200.0 1377
12800.0 1378
-3200.0 1379
-3200.0 1417
-3200.0 1340
-3200.0 1378
12800.0 1379
-3200.0 1380
-3200.0 1418
-3200.0 1341
-3200.0 1379
12800.0 1380
-3200.0 1381
-3200.0 1419
-3200.0 1342
-3200.0 1380
12800.0 1381
-3200.0 1382
-3200.0 1420
-3200.0 1343
-3200.0 1381
12800.0 1382
-3200.0 1383
-3200.0 1421
-3200.0 1344
-3200.0 1382
12800.0 1383
-3200.0 1384
-3200.0 1422
-3200.0 1345
-3200.0 1383
12800.0 1384
-3200.0 1385
-3200.0 1423
-3200.0 1346
-3200.0 1384
12800.0 1385
-3200.0 1386
-3200.0 1424
-3200.0 1347
-3200.0 1385
12800.0 1386
-3200.0 1387
-3200.0 1425
-3200.0 1348
-3200.0 1386
12800.0 1387
-3200.0 1388
-3200.0 1426
-3200.0 1349
-3200.0 1387
12800.0 1388
-3200.0 1389
-3200.0 1427
-3200.0 1350
-3200.0 1388
12800.0 1389
-3200.0 1390
-3200.0 1428
-3200.0 1351
-3200.0 1389
12800.0 1390
-3200.0 1391
-3200.0 1429
-3200.0 1352
-3200.0 1390
12800.0 1391
-3200.0 1392
-3200.0 1430
-3200.0 1353
-3200.0 1391
12800.0 1392
-3200.0 1393
-3200.0 1431
-3200.0 1354
-3200.0 1392
12800.0 1393
-3200.0 1394
-3200.0 1432
-3200.0 1355
-3200.0 1393
12800.0 1394
-3200.0 1395
-3200.0 1433
-3200.0 1356
-3200.0 1394
12800.0 1395
-3200.0 1396
-3200.0 1434
-3200.0 1357
-3200.0 1395
12800.0 1396
-3200.0 1397
-3200.0 1435
-3200.0 1358
-3200.0 1396
12800.0 1397
-3200.0 1398
-3200.0 1436
-3200.0 1359
-3200.0 1397
12800.0 1398
-3200.0 1399
-3200.0 1437
-3200.0 1360
-3200.0 1398
12800.0 1399
-3200.0 1400
-3200.0 1438
-3200.0 1361
-3200.0 1399
12800.0 1400
-3200.0 1401
-3200.0 1439
-3200.0 1362
-3200.0 1400
12800.0 1401
-3200.0 1402
-3200.0 1440
-3200.0 1363
-3200.0 1401
12800.0 1402
-3200.0 1403
-3200.0 1441
-3200.0 1364
-3200.0 1402
12800.0 1403
-3200.0 1442
-3200.0 1365
12800.0 1404
-3200.0 1405
-3200.0 1443
-3200.0 1366
-3200.0 1404
12800.0 1405
-3200.0 1406
-3200.0 1444
-3200.0 1367
-3200.0 1405
12800.0 1406
-3200.0 1407
-3200.0 1445
-3200.0 1368
-3200.0 1406
12800.0 1407
-3200.0 1408
-3200.0 1446
-3200.0 1369
-3200.0 1407
12800.0 1408
-3200.0 1409
-3200.0 1447
-3200.0 1370
-3200.0 1408
12800.0 1409
-3200.0 1410
-3200.0 1448
-3200.0 1371
-3200.0 1409
12800.0 1410
-3200.0 1411
-3200.0 1449
-3200.0 1372
-3200.0 1410
12800.0 1411
-3200.0 1412
-3200.0 1450
-3200.0 1373
-3200.0 1411
12800.0 1412
-3200.0 1413
-3200.0 1451
-3200.0 1374
-3200.0 1412
12800.0 1413
-3200.0 1414
-3200.0 1452
-3200.0 1375
-3200.0 1413
12800.0 1414
-3200.0 1415
-3200.0 1453
-3200.0 1376
-3200.0 1414
12800.0 1415
-3200.0 1416
-3200.0 1454
-3200.0 1377
-3200.0 1415
12800.0 1416
-3200.0 1417
-3200.0 1455
-3200.0 1378
-3200.0 1416
12800.0 1417
-3200.0 1418
-3200.0 1456
-3200.0 1379
-3200.0 1417
12800.0 1418
-3200.0 1419
-3200.0 1457
-3200.0 1380
-3200.0 1418
12800.0 1419
-3200.0 1420
-3200.0 1458
-3200.0 1381
-3200.0 1419
12800.0 1420
-3200.0 1421
-3200.0 1459
-3200.0 1382
-3200.0 1420
12800.0 1421
-3200.0 1422
-3200.0 1460
-3200.0 1383
-3200.0 1421
12800.0 1422
-3200.0 1423
-3200.0 1461
-3200.0 1384
-3200.0 1422
12800.0 1423
-3200.0 1424
-3200.0 1462
-3200.0 1385
-3200.0 1423
12800.0 1424
-3200.0 1425
-3200.0 1463
-3200.0 1386
-3200.0 1424
12800.0 1425
-3200.0 1426
-3200.0 1464
-3200.0 1387
-3200.0 1425
12800.0 1426
-3200.0 1427
-3200.0 1465
-3200.0 1388
-3200.0 1426
12800.0 1427
-3200.0 1428
-3200.0 1466
-3200.0 1389
-3200.0 1427
12800.0 1428
-3200.0 1429
-3200.0 1467
-3200.0 1390
-3200.0 1428
12800.0 1429
-3200.0 1430
-3200.0 1468
-3200.0 1391
-3200.0 1429
12800.0 1430
-3200.0 1431
-3200.0 1469
-3200.0 1392
-3200.0 1430
12800.0 1431
-3200.0 1432
-3200.0 1470
-3200.0 1393
-3200.0 1431
12800.0 1432
-3200.0 1433
-3200.0 1471
-3200.0 1394
-3200.0 1432
12800.0 1433
-3200.0 1434
-3200.0 1472
-3200.0 1395
-3200.0 1433
12800.0 1434
-3200.0 1435
-3200.0 1473
-3200.0 1396
-3200.0 1434
12800.0 1435
-3200.0 1436
-3200.0 1474
-3200.0 1397
-3200.0 1435
12800.0 1436
-3200.0 1437
-3200.0 1475
-3200.0 1398
-3200.0 1436
12800.0 1437
-3200.0 1438
-3200.0 1476
-3200.0 1399
-3200.0 1437
12800.0 1438
-3200.0 1439
-3200.0 1477
-3200.0 1400
-3200.0 1438
12800.0 1439
-3200.0 1440
-3200.0 1478
-3200.0 1401
-3200.0 1439
12800.0 1440
-3200.0 1441
-3200.0 1479
-3200.0 1402
-3200.0 1440
12800.0 1441
-3200.0 1442
-3200.0 1480
-3200.0 1403
-3200.0 1441
12800.0 1442
-3200.0 1481
-3200.0 1404
12800.0 1443
-3200.0 1444
-3200.0 1482
-3200.0 1405
-3200.0 1443
12800.0 1444
-3200.0 1445
-3200.0 1483
-3200.0 1406
-3200.0 1444
12800.0 1445
-3200.0 1446
-3200.0 1484
-3200.0 1407
-3200.0 1445
12800.0 1446
-3200.0 1447
-3200.0 1485
-3200.0 1408
-3200.0 1446
12800.0 1447
-3200.0 1448
-3200.0 1486
-3200.0 1409
-3200.0 1447
12800.0 1448
-3200.0 1449
-3200.0 1487
-3200.0 1410
-3200.0 1448
12800.0 1449
-3200.0 1450
-3200.0 1488
-3200.0 1411
-3200.0 1449
12800.0 1450
-3200.0 1451
-3200.0 1489
-3200.0 1412
-3200.0 1450
12800.0 1451
-3200.0 1452
-3200.0 1490
-3200.0 1413
-3200.0 1451
12800.0 1452
-3200.0 1453
-3200.0 1491
-3200.0 1414
-3200.0 1452
12800.0 1453
-3200.0 1454
-3200.0 1492
-3200.0 1415
-3200.0 1453
12800.0 1454
-3200.0 1455
-3200.0 1493
-3200.0 1416
-3200.0 1454
12800.0 1455
-3200.0 1456
-3200.0 1494
-3200.0 1417
-3200.0 1455
12800.0 1456
-3200.0 1457
-3200.0 1495
-3200.0 1418
-3200.0 1456
12800.0 1457
-3200.0 1458
-3200.0 1496
-3200.0 1419
-3200.0 1457
12800.0 1458
-3200.0 1459
-3200.0 1497
-3200.0 1420
-3200.0 1458
12800.0 1459
-3200.0 1460
-3200.0 1498
-3200.0 1421
-3200.0 1459
12800.0 1460
-3200.0 1461
-3200.0 1499
-3200.0 1422
-3200.0 1460
12800.0 1461
-3200.0 1462
-3200.0 1500
-3200.0 1423
-3200.0 1461
12800.0 1462
-3200.0 1463
-3200.0 1501
-3200.0 1424
-3200.0 1462
12800.0 1463
-3200.0 1464
-3200.0 1502
-3200.0 1425
-3200.0 1463
12800.0 1464
-3200.0 1465
-3200.0 1503
-3200.0 1426
-3200.0 1464
12800.0 1465
-3200.0 1466
-3200.0 1504
-3200.0 1427
-3200.0 1465
12800.0 1466
-3200.0 1467
-3200.0 1505
-3200.0 1428
-3200.0 1466
12800.0 1467
-3200.0 1468
-3200.0 1506
-3200.0 1429
-3200.0 1467
12800.0 1468
-3200.0 1469
-3200.0 1507
-3200.0 1430
-3200.0 1468
12800.0 1469
-3200.0 1470
-3200.0 1508
-3200.0 1431
-3200.0 1469
12800.0 1470
-3200.0 1471
-3200.0 1509
-3200.0 1432
-3200.0 1470
12800.0 1471
-3200.0 1472
-3200.0 1510
-3200.0 1433
-3200.0 1471
12800.0 1472
-3200.0 1473
-3200.0 1511
-3200.0 1434
-3200.0 1472
12800.0 1473
-3200.0 1474
-3200.0 1512
-3200.0 1435
-3200.0 1473
12800.0 1474
-3200.0 1475
-3200.0 1513
-3200.0 1436
-3200.0 1474
12800.0 1475
-3200.0 1476
-3200.0 1514
-3200.0 1437
-3200.0 1475
12800.0 1476
-3200.0 1477
-3200.0 1515
-3200.0 1438
-3200.0 1476
12800.0 1477
-3200.0 1478
-3200.0 1516
-3200.0 1439
-3200.0 1477
12800.0 1478
-3200.0 1479
-3200.0 1517
-3200.0 1440
-3200.0 1478
12800.0 1479
-3200.0 1480
-3200.0 1518
-3200.0 1441
-3200.0 1479
12800.0 1480
-3200.0 1481
-3200.0 1519
-3200.0 1442
-3200.0 1480
12800.0 1481
-3200.0 1520
-3200.0 1443
12800.0 1482
-3200.0 1483
-3200.0 1444
-3200.0 1482
12800.0 1483
-3200.0 1484
-3200.0 1445
-3200.0 1483
12800.0 1484
-3200.0 1485
-3200.0 1446
-3200.0 1484
12800.0 1485
-3200.0 1486
-3200.0 1447
-3200.0 1485
12800.0 1486
-3200.0 1487
-3200.0 1448
-3200.0 1486
12800.0 1487
-3200.0 1488
-3200.0 1449
-3200.0 1487
12800.0 1488
-3200.0 1489
-3200.0 1450
-3200.0 1488
12800.0 1489
-3200.0 1490
-3200.0 1451
-3200.0 1489
12800.0 1490
-3200.0 1491
-3200.0 1452
-3200.0 1490
12800.0 1491
-3200.0 1492
-3200.0 1453
-3200.0 1491
12800.0 1492
-3200.0 1493
-3200.0 1454
-3200.0 1492
12800.0 1493
-3200.0 1494
-3200.0 1455
-3200.0 1493
12800.0 1494
-3200.0 1495
-3200.0 1456
-3200.0 1494
12800.0 1495
-3200.0 1496
-3200.0 1457
-3200.0 1495
12800.0 1496
-3200.0 1497
-3200.0 1458
-3200.0 1496
12800.0 1497
-3200.0 1498
-3200.0 1459
-3200.0 1497
12800.0 1498
-3200.0 1499
-3200.0 1460
-3200.0 1498
12800.0 1499
-3200.0 1500
-3200.0 1461
-3200.0 1499
12800.0 1500
-3200.0 1501
-3200.0 1462
-3200.0 1500
12800.0 1501
-3200.0 1502
-3200.0 1463
-3200.0 1501
12800.0 1502
-3200.0 1503
-3200.0 1464
-3200.0 1502
12800.0 1503
-3200.0 1504
-3200.0 1465
-3200.0 1503
12800.0 1504
-3200.0 1505
-3200.0 1466
-3200.0 1504
12800.0 1505
-3200.0 1506
-3200.0 1467
-3200.0 1505
12800.0 1506
-3200.0 1507
-3200.0 1468
-3200.0 1506
12800.0 1507
-3200.0 1508
-3200.0 1469
-3200.0 1507
12800.0 1508
-3200.0 1509
-3200.0 1470
-3200.0 1508
12800.0 1509
-3200.0 1510
-3200.0 1471
-3200.0 1509
12800.0 1510
-3200.0 1511
-3200.0 1472
-3200.0 1510
12800.0 1511
-3200.0 1512
-3200.0 1473
-3200.0 1511
12800.0 1512
-3200.0 1513
-3200.0 1474
-3200.0 1512
12800.0 1513
-3200.0 1514
-3200.0 1475
-3200.0 1513
12800.0 1514
-3200.0 1515
-3200.0 1476
-3200.0 1514
12800.0 1515
-3200.0 1516
-3200.0 1477
-3200.0 1515
12800.0 1516
-3200.0 1517
-3200.0 1478
-3200.0 1516
12800.0 1517
-3200.0 1518
-3200.0 1479
-3200.0 1517
12800.0 1518
-3200.0 1519
-3200.0 1480
-3200.0 1518
12800.0 1519
-3200.0 1520
-3200.0 1481
-3200.0 1519
12800.0 1520
