361 361 1729
3200.0 0 0
-800.0 1 3
-800.0 19 7
-800.0 0 11
3200.0 1 15
-800.0 2 19
-800.0 20 23
-800.0 1 27
3200.0 2 31
-800.0 3 35
-800.0 21 39
-800.0 2 43
3200.0 3 47
-800.0 4 51
-800.0 22 55
-800.0 3 59
3200.0 4 63
-800.0 5 67
-800.0 23 71
-800.0 4 74
3200.0 5 78
-800.0 6 83
-800.0 24 88
-800.0 5 93
3200.0 6 98
-800.0 7 103
-800.0 25 108
-800.0 6 113
3200.0 7 118
-800.0 8 123
-800.0 26 128
-800.0 7 133
3200.0 8 138
-800.0 9 143
-800.0 27 148
-800.0 8 153
3200.0 9 158
-800.0 10 163
-800.0 28 167
-800.0 9 171
3200.0 10 176
-800.0 11 181
-800.0 29 186
-800.0 10 191
3200.0 11 196
-800.0 12 201
-800.0 30 206
-800.0 11 211
3200.0 12 216
-800.0 13 221
-800.0 31 226
-800.0 12 231
3200.0 13 236
-800.0 14 241
-800.0 32 246
-800.0 13 251
3200.0 14 256
-800.0 15 260
-800.0 33 264
-800.0 14 269
3200.0 15 274
-800.0 16 279
-800.0 34 284
-800.0 15 289
3200.0 16 294
-800.0 17 299
-800.0 35 304
-800.0 16 309
3200.0 17 314
-800.0 18 319
-800.0 36 324
-800.0 17 329
3200.0 18 334
-800.0 37 339
-800.0 0 344
3200.0 19 349
-800.0 20 353
-800.0 38 357
-800.0 1 362
-800.0 19 367
3200.0 20 372
-800.0 21 377
-800.0 39 382
-800.0 2 387
-800.0 20 392
3200.0 21 397
-800.0 22 402
-800.0 40 407
-800.0 3 412
-800.0 21 417
3200.0 22 422
-800.0 23 427
-800.0 41 432
-800.0 4 437
-800.0 22 442
3200.0 23 446
-800.0 24 450
-800.0 42 455
-800.0 5 460
-800.0 23 465
3200.0 24 470
-800.0 25 475
-800.0 43 480
-800.0 6 485
-800.0 24 490
3200.0 25 495
-800.0 26 500
-800.0 44 505
-800.0 7 510
-800.0 25 515
3200.0 26 520
-800.0 27 525
-800.0 45 530
-800.0 8 535
-800.0 26 539
3200.0 27 543
-800.0 28 548
-800.0 46 553
-800.0 9 558
-800.0 27 563
3200.0 28 568
-800.0 29 573
-800.0 47 578
-800.0 10 583
-800.0 28 588
3200.0 29 593
-800.0 30 598
-800.0 48 603
-800.0 11 608
-800.0 29 613
3200.0 30 618
-800.0 31 623
-800.0 49 628
-800.0 12 632
-800.0 30 636
3200.0 31 641
-800.0 32 646
-800.0 50 651
-800.0 13 656
-800.0 31 661
3200.0 32 666
-800.0 33 671
-800.0 51 676
-800.0 14 681
-800.0 32 686
3200.0 33 691
-800.0 34 696
-800.0 52 701
-800.0 15 706
-800.0 33 711
3200.0 34 716
-800.0 35 721
-800.0 53 725
-800.0 16 729
-800.0 34 734
3200.0 35 739
-800.0 36 744
-800.0 54 749
-800.0 17 754
-800.0 35 759
3200.0 36 764
-800.0 37 769
-800.0 55 774
-800.0 18 779
-800.0 36 784
3200.0 37 789
-800.0 56 794
-800.0 19 799
3200.0 38 804
-800.0 39 809
-800.0 57 814
-800.0 20 818
-800.0 38 822
3200.0 39 827
-800.0 40 832
-800.0 58 837
-800.0 21 842
-800.0 39 847
3200.0 40 852
-800.0 41 857
-800.0 59 862
-800.0 22 867
-800.0 40 872
3200.0 41 877
-800.0 42 882
-800.0 60 887
-800.0 23 892
-800.0 41 897
3200.0 42 902
-800.0 43 907
-800.0 61 911
-800.0 24 915
-800.0 42 920
3200.0 43 925
-800.0 44 930
-800.0 62 935
-800.0 25 940
-800.0 43 945
3200.0 44 950
-800.0 45 955
-800.0 63 960
-800.0 26 965
-800.0 44 970
3200.0 45 975
-800.0 46 980
-800.0 64 985
-800.0 27 990
-800.0 45 995
3200.0 46 1000
-800.0 47 1004
-800.0 65 1008
-800.0 28 1013
-800.0 46 1018
3200.0 47 1023
-800.0 48 1028
-800.0 66 1033
-800.0 29 1038
-800.0 47 1043
3200.0 48 1048
-800.0 49 1053
-800.0 67 1058
-800.0 30 1063
-800.0 48 1068
3200.0 49 1073
-800.0 50 1078
-800.0 68 1083
-800.0 31 1088
-800.0 49 1093
3200.0 50 1097
-800.0 51 1101
-800.0 69 1106
-800.0 32 1111
-800.0 50 1116
3200.0 51 1121
-800.0 52 1126
-800.0 70 1131
-800.0 33 1136
-800.0 51 1141
3200.0 52 1146
-800.0 53 1151
-800.0 71 1156
-800.0 34 1161
-800.0 52 1166
3200.0 53 1171
-800.0 54 1176
-800.0 72 1181
-800.0 35 1186
-800.0 53 1190
3200.0 54 1194
-800.0 55 1199
-800.0 73 1204
-800.0 36 1209
-800.0 54 1214
3200.0 55 1219
-800.0 56 1224
-800.0 74 1229
-800.0 37 1234
-800.0 55 1239
3200.0 56 1244
-800.0 75 1249
-800.0 38 1254
3200.0 57 1259
-800.0 58 1264
-800.0 76 1269
-800.0 39 1274
-800.0 57 1279
3200.0 58 1283
-800.0 59 1287
-800.0 77 1292
-800.0 40 1297
-800.0 58 1302
3200.0 59 1307
-800.0 60 1312
-800.0 78 1317
-800.0 41 1322
-800.0 59 1327
3200.0 60 1332
-800.0 61 1337
-800.0 79 1342
-800.0 42 1347
-800.0 60 1352
3200.0 61 1357
-800.0 62 1362
-800.0 80 1367
-800.0 43 1372
-800.0 61 1376
3200.0 62 1380
-800.0 63 1385
-800.0 81 1390
-800.0 44 1395
-800.0 62 1400
3200.0 63 1405
-800.0 64 1410
-800.0 82 1415
-800.0 45 1420
-800.0 63 1425
3200.0 64 1430
-800.0 65 1435
-800.0 83 1440
-800.0 46 1445
-800.0 64 1450
3200.0 65 1455
-800.0 66 1460
-800.0 84 1465
-800.0 47 1469
-800.0 65 1473
3200.0 66 1478
-800.0 67 1483
-800.0 85 1488
-800.0 48 1493
-800.0 66 1498
3200.0 67 1503
-800.0 68 1508
-800.0 86 1513
-800.0 49 1518
-800.0 67 1523
3200.0 68 1528
-800.0 69 1533
-800.0 87 1538
-800.0 50 1543
-800.0 68 1548
3200.0 69 1553
-800.0 70 1558
-800.0 88 1562
-800.0 51 1566
-800.0 69 1571
3200.0 70 1576
-800.0 71 1581
-800.0 89 1586
-800.0 52 1591
-800.0 70 1596
3200.0 71 1601
-800.0 72 1606
-800.0 90 1611
-800.0 53 1616
-800.0 71 1621
3200.0 72 1626
-800.0 73 1631
-800.0 91 1636
-800.0 54 1641
-800.0 72 1646
3200.0 73 1651
-800.0 74 1655
-800.0 92 1658
-800.0 55 1662
-800.0 73 1666
3200.0 74 1670
-800.0 75 1674
-800.0 93 1678
-800.0 56 1682
-800.0 74 1686
3200.0 75 1690
-800.0 94 1694
-800.0 57 1698
3200.0 76 1702
-800.0 77 1706
-800.0 95 1710
-800.0 58 1714
-800.0 76 1718
3200.0 77 1722
-800.0 78 1726
-800.0 96 1729
-800.0 59
-800.0 77
3200.0 78
-800.0 79
-800.0 97
-800.0 60
-800.0 78
3200.0 79
-800.0 80
-800.0 98
-800.0 61
-800.0 79
3200.0 80
-800.0 81
-800.0 99
-800.0 62
-800.0 80
3200.0 81
-800.0 82
-800.0 100
-800.0 63
-800.0 81
3200.0 82
-800.0 83
-800.0 101
-800.0 64
-800.0 82
3200.0 83
-800.0 84
-800.0 102
-800.0 65
-800.0 83
3200.0 84
-800.0 85
-800.0 103
-800.0 66
-800.0 84
3200.0 85
-800.0 86
-800.0 104
-800.0 67
-800.0 85
3200.0 86
-800.0 87
-800.0 105
-800.0 68
-800.0 86
3200.0 87
-800.0 88
-800.0 106
-800.0 69
-800.0 87
3200.0 88
-800.0 89
-800.0 107
-800.0 70
-800.0 88
3200.0 89
-800.0 90
-800.0 108
-800.0 71
-800.0 89
3200.0 90
-800.0 91
-800.0 109
-800.0 72
-800.0 90
3200.0 91
-800.0 92
-800.0 110
-800.0 73
-800.0 91
3200.0 92
-800.0 93
-800.0 111
-800.0 74
-800.0 92
3200.0 93
-800.0 94
-800.0 112
-800.0 75
-800.0 93
3200.0 94
-800.0 113
-800.0 76
3200.0 95
-800.0 96
-800.0 114
-800.0 77
-800.0 95
3200.0 96
-800.0 97
-800.0 115
-800.0 78
-800.0 96
3200.0 97
-800.0 98
-800.0 116
-800.0 79
-800.0 97
3200.0 98
-800.0 99
-800.0 117
-800.0 80
-800.0 98
3200.0 99
-800.0 100
-800.0 118
-800.0 81
-800.0 99
3200.0 100
-800.0 101
-800.0 119
-800.0 82
-800.0 100
3200.0 101
-800.0 102
-800.0 120
-800.0 83
-800.0 101
3200.0 102
-800.0 103
-800.0 121
-800.0 84
-800.0 102
3200.0 103
-800.0 104
-800.0 122
-800.0 85
-800.0 103
3200.0 104
-800.0 105
-800.0 123
-800.0 86
-800.0 104
3200.0 105
-800.0 106
-800.0 124
-800.0 87
-800.0 105
3200.0 106
-800.0 107
-800.0 125
-800.0 88
-800.0 106
3200.0 107
-800.0 108
-800.0 126
-800.0 89
-800.0 107
3200.0 108
-800.0 109
-800.0 127
-800.0 90
-800.0 108
3200.0 109
-800.0 110
-800.0 128
-800.0 91
-800.0 109
3200.0 110
-800.0 111
-800.0 129
-800.0 92
-800.0 110
3200.0 111
-800.0 112
-800.0 130
-800.0 93
-800.0 111
3200.0 112
-800.0 113
-800.0 131
-800.0 94
-800.0 112
3200.0 113
-800.0 132
-800.0 95
3200.0 114
-800.0 115
-800.0 133
-800.0 96
-800.0 114
3200.0 115
-800.0 116
-800.0 134
-800.0 97
-800.0 115
3200.0 116
-800.0 117
-800.0 135
-800.0 98
-800.0 116
3200.0 117
-800.0 118
-800.0 136
-800.0 99
-800.0 117
3200.0 118
-800.0 119
-800.0 137
-800.0 100
-800.0 118
3200.0 119
-800.0 120
-800.0 138
-800.0 101
-800.0 119
3200.0 120
-800.0 121
-800.0 139
-800.0 102
-800.0 120
3200.0 121
-800.0 122
-800.0 140
-800.0 103
-800.0 121
3200.0 122
-800.0 123
-800.0 141
-800.0 104
-800.0 122
3200.0 123
-800.0 124
-800.0 142
-800.0 105
-800.0 123
3200.0 124
-800.0 125
-800.0 143
-800.0 106
-800.0 124
3200.0 125
-800.0 126
-800.0 144
-800.0 107
-800.0 125
3200.0 126
-800.0 127
-800.0 145
-800.0 108
-800.0 126
3200.0 127
-800.0 128
-800.0 146
-800.0 109
-800.0 127
3200.0 128
-800.0 129
-800.0 147
-800.0 110
-800.0 128
3200.0 129
-800.0 130
-800.0 148
-800.0 111
-800.0 129
3200.0 130
-800.0 131
-800.0 149
-800.0 112
-800.0 130
3200.0 131
-800.0 132
-800.0 150
-800.0 113
-800.0 131
3200.0 132
-800.0 151
-800.0 114
3200.0 133
-800.0 134
-800.0 152
-800.0 115
-800.0 133
3200.0 134
-800.0 135
-800.0 153
-800.0 116
-800.0 134
3200.0 135
-800.0 136
-800.0 154
-800.0 117
-800.0 135
3200.0 136
-800.0 137
-800.0 155
-800.0 118
-800.0 136
3200.0 137
-800.0 138
-800.0 156
-800.0 119
-800.0 137
3200.0 138
-800.0 139
-800.0 157
-800.0 120
-800.0 138
3200.0 139
-800.0 140
-800.0 158
-800.0 121
-800.0 139
3200.0 140
-800.0 141
-800.0 159
-800.0 122
-800.0 140
3200.0 141
-800.0 142
-800.0 160
-800.0 123
-800.0 141
3200.0 142
-800.0 143
-800.0 161
-800.0 124
-800.0 142
3200.0 143
-800.0 144
-800.0 162
-800.0 125
-800.0 143
3200.0 144
-800.0 145
-800.0 163
-800.0 126
-800.0 144
3200.0 145
-800.0 146
-800.0 164
-800.0 127
-800.0 145
3200.0 146
-800.0 147
-800.0 165
-800.0 128
-800.0 146
3200.0 147
-800.0 148
-800.0 166
-800.0 129
-800.0 147
3200.0 148
-800.0 149
-800.0 167
-800.0 130
-800.0 148
3200.0 149
-800.0 150
-800.0 168
-800.0 131
-800.0 149
3200.0 150
-800.0 151
-800.0 169
-800.0 132
-800.0 150
3200.0 151
-800.0 170
-800.0 133
3200.0 152
-800.0 153
-800.0 171
-800.0 134
-800.0 152
3200.0 153
-800.0 154
-800.0 172
-800.0 135
-800.0 153
3200.0 154
-800.0 155
-800.0 173
-800.0 136
-800.0 154
3200.0 155
-800.0 156
-800.0 174
-800.0 137
-800.0 155
3200.0 156
-800.0 157
-800.0 175
-800.0 138
-800.0 156
3200.0 157
-800.0 158
-800.0 176
-800.0 139
-800.0 157
3200.0 158
-800.0 159
-800.0 177
-800.0 140
-800.0 158
3200.0 159
-800.0 160
-800.0 178
-800.0 141
-800.0 159
3200.0 160
-800.0 161
-800.0 179
-800.0 142
-800.0 160
3200.0 161
-800.0 162
-800.0 180
-800.0 143
-800.0 161
3200.0 162
-800.0 163
-800.0 181
-800.0 144
-800.0 162
3200.0 163
-800.0 164
-800.0 182
-800.0 145
-800.0 163
3200.0 164
-800.0 165
-800.0 183
-800.0 146
-800.0 164
3200.0 165
-800.0 166
-800.0 184
-800.0 147
-800.0 165
3200.0 166
-800.0 167
-800.0 185
-800.0 148
-800.0 166
3200.0 167
-800.0 168
-800.0 186
-800.0 149
-800.0 167
3200.0 168
-800.0 169
-800.0 187
-800.0 150
-800.0 168
3200.0 169
-800.0 170
-800.0 188
-800.0 151
-800.0 169
3200.0 170
-800.0 189
-800.0 152
3200.0 171
-800.0 172
-800.0 190
-800.0 153
-800.0 171
3200.0 172
-800.0 173
-800.0 191
-800.0 154
-800.0 172
3200.0 173
-800.0 174
-800.0 192
-800.0 155
-800.0 173
3200.0 174
-800.0 175
-800.0 193
-800.0 156
-800.0 174
3200.0 175
-800.0 176
-800.0 194
-800.0 157
-800.0 175
3200.0 176
-800.0 177
-800.0 195
-800.0 158
-800.0 176
3200.0 177
-800.0 178
-800.0 196
-800.0 159
-800.0 177
3200.0 178
-800.0 179
-800.0 197
-800.0 160
-800.0 178
3200.0 179
-800.0 180
-800.0 198
-800.0 161
-800.0 179
3200.0 180
-800.0 181
-800.0 199
-800.0 162
-800.0 180
3200.0 181
-800.0 182
-800.0 200
-800.0 163
-800.0 181
3200.0 182
-800.0 183
-800.0 201
-800.0 164
-800.0 182
3200.0 183
-800.0 184
-800.0 202
-800.0 165
-800.0 183
3200.0 184
-800.0 185
-800.0 203
-800.0 166
-800.0 184
3200.0 185
-800.0 186
-800.0 204
-800.0 167
-800.0 185
3200.0 186
-800.0 187
-800.0 205
-800.0 168
-800.0 186
3200.0 187
-800.0 188
-800.0 206
-800.0 169
-800.0 187
3200.0 188
-800.0 189
-800.0 207
-800.0 170
-800.0 188
3200.0 189
-800.0 208
-800.0 171
3200.0 190
-800.0 191
-800.0 209
-800.0 172
-800.0 190
3200.0 191
-800.0 192
-800.0 210
-800.0 173
-800.0 191
3200.0 192
-800.0 193
-800.0 211
-800.0 174
-800.0 192
3200.0 193
-800.0 194
-800.0 212
-800.0 175
-800.0 193
3200.0 194
-800.0 195
-800.0 213
-800.0 176
-800.0 194
3200.0 195
-800.0 196
-800.0 214
-800.0 177
-800.0 195
3200.0 196
-800.0 197
-800.0 215
-800.0 178
-800.0 196
3200.0 197
-800.0 198
-800.0 216
-800.0 179
-800.0 197
3200.0 198
-800.0 199
-800.0 217
-800.0 180
-800.0 198
3200.0 199
-800.0 200
-800.0 218
-800.0 181
-800.0 199
3200.0 200
-800.0 201
-800.0 219
-800.0 182
-800.0 200
3200.0 201
-800.0 202
-800.0 220
-800.0 183
-800.0 201
3200.0 202
-800.0 203
-800.0 221
-800.0 184
-800.0 202
3200.0 203
-800.0 204
-800.0 222
-800.0 185
-800.0 203
3200.0 204
-800.0 205
-800.0 223
-800.0 186
-800.0 204
3200.0 205
-800.0 206
-800.0 224
-800.0 187
-800.0 205
3200.0 206
-800.0 207
-800.0 225
-800.0 188
-800.0 206
3200.0 207
-800.0 208
-800.0 226
-800.0 189
-800.0 207
3200.0 208
-800.0 227
-800.0 190
3200.0 209
-800.0 210
-800.0 228
-800.0 191
-800.0 209
3200.0 210
-800.0 211
-800.0 229
-800.0 192
-800.0 210
3200.0 211
-800.0 212
-800.0 230
-800.0 193
-800.0 211
3200.0 212
-800.0 213
-800.0 231
-800.0 194
-800.0 212
3200.0 213
-800.0 214
-800.0 232
-800.0 195
-800.0 213
3200.0 214
-800.0 215
-800.0 233
-800.0 196
-800.0 214
3200.0 215
-800.0 216
-800.0 234
-800.0 197
-800.0 215
3200.0 216
-800.0 217
-800.0 235
-800.0 198
-800.0 216
3200.0 217
-800.0 218
-800.0 236
-800.0 199
-800.0 217
3200.0 218
-800.0 219
-800.0 237
-800.0 200
-800.0 218
3200.0 219
-800.0 220
-800.0 238
-800.0 201
-800.0 219
3200.0 220
-800.0 221
-800.0 239
-800.0 202
-800.0 220
3200.0 221
-800.0 222
-800.0 240
-800.0 203
-800.0 221
3200.0 222
-800.0 223
-800.0 241
-800.0 204
-800.0 222
3200.0 223
-800.0 224
-800.0 242
-800.0 205
-800.0 223
3200.0 224
-800.0 225
-800.0 243
-800.0 206
-800.0 224
3200.0 225
-800.0 226
-800.0 244
-800.0 207
-800.0 225
3200.0 226
-800.0 227
-800.0 245
-800.0 208
-800.0 226
3200.0 227
-800.0 246
-800.0 209
3200.0 228
-800.0 229
-800.0 247
-800.0 210
-800.0 228
3200.0 229
-800.0 230
-800.0 248
-800.0 211
-800.0 229
3200.0 230
-800.0 231
-800.0 249
-800.0 212
-800.0 230
3200.0 231
-800.0 232
-800.0 250
-800.0 213
-800.0 231
3200.0 232
-800.0 233
-800.0 251
-800.0 214
-800.0 232
3200.0 233
-800.0 234
-800.0 252
-800.0 215
-800.0 233
3200.0 234
-800.0 235
-800.0 253
-800.0 216
-800.0 234
3200.0 235
-800.0 236
-800.0 254
-800.0 217
-800.0 235
3200.0 236
-800.0 237
-800.0 255
-800.0 218
-800.0 236
3200.0 237
-800.0 238
-800.0 256
-800.0 219
-800.0 237
3200.0 238
-800.0 239
-800.0 257
-800.0 220
-800.0 238
3200.0 239
-800.0 240
-800.0 258
-800.0 221
-800.0 239
3200.0 240
-800.0 241
-800.0 259
-800.0 222
-800.0 240
3200.0 241
-800.0 242
-800.0 260
-800.0 223
-800.0 241
3200.0 242
-800.0 243
-800.0 261
-800.0 224
-800.0 242
3200.0 243
-800.0 244
-800.0 262
-800.0 225
-800.0 243
3200.0 244
-800.0 245
-800.0 263
-800.0 226
-800.0 244
3200.0 245
-800.0 246
-800.0 264
-800.0 227
-800.0 245
3200.0 246
-800.0 265
-800.0 228
3200.0 247
-800.0 248
-800.0 266
-800.0 229
-800.0 247
3200.0 248
-800.0 249
-800.0 267
-800.0 230
-800.0 248
3200.0 249
-800.0 250
-800.0 268
-800.0 231
-800.0 249
3200.0 250
-800.0 251
-800.0 269
-800.0 232
-800.0 250
3200.0 251
-800.0 252
-800.0 270
-800.0 233
-800.0 251
3200.0 252
-800.0 253
-800.0 271
-800.0 234
-800.0 252
3200.0 253
-800.0 254
-800.0 272
-800.0 235
-800.0 253
3200.0 254
-800.0 255
-800.0 273
-800.0 236
-800.0 254
3200.0 255
-800.0 256
-800.0 274
-800.0 237
-800.0 255
3200.0 256
-800.0 257
-800.0 275
-800.0 238
-800.0 256
3200.0 257
-800.0 258
-800.0 276
-800.0 239
-800.0 257
3200.0 258
-800.0 259
-800.0 277
-800.0 240
-800.0 258
3200.0 259
-800.0 260
-800.0 278
-800.0 241
-800.0 259
3200.0 260
-800.0 261
-800.0 279
-800.0 242
-800.0 260
3200.0 261
-800.0 262
-800.0 280
-800.0 243
-800.0 261
3200.0 262
-800.0 263
-800.0 281
-800.0 244
-800.0 262
3200.0 263
-800.0 264
-800.0 282
-800.0 245
-800.0 263
3200.0 264
-800.0 265
-800.0 283
-800.0 246
-800.0 264
3200.0 265
-800.0 284
-800.0 247
3200.0 266
-800.0 267
-800.0 285
-800.0 248
-800.0 266
3200.0 267
-800.0 268
-800.0 286
-800.0 249
-800.0 267
3200.0 268
-800.0 269
-800.0 287
-800.0 250
-800.0 268
3200.0 269
-800.0 270
-800.0 288
-800.0 251
-800.0 269
3200.0 270
-800.0 271
-800.0 289
-800.0 252
-800.0 270
3200.0 271
-800.0 272
-800.0 290
-800.0 253
-800.0 271
3200.0 272
-800.0 273
-800.0 291
-800.0 254
-800.0 272
3200.0 273
-800.0 274
-800.0 292
-800.0 255
-800.0 273
3200.0 274
-800.0 275
-800.0 293
-800.0 256
-800.0 274
3200.0 275
-800.0 276
-800.0 294
-800.0 257
-800.0 275
3200.0 276
-800.0 277
-800.0 295
-800.0 258
-800.0 276
3200.0 277
-800.0 278
-800.0 296
-800.0 259
-800.0 277
3200.0 278
-800.0 279
-800.0 297
-800.0 260
-800.0 278
3200.0 279
-800.0 280
-800.0 298
-800.0 261
-800.0 279
3200.0 280
-800.0 281
-800.0 299
-800.0 262
-800.0 280
3200.0 281
-800.0 282
-800.0 300
-800.0 263
-800.0 281
3200.0 282
-800.0 283
-800.0 301
-800.0 264
-800.0 282
3200.0 283
-800.0 284
-800.0 302
-800.0 265
-800.0 283
3200.0 284
-800.0 303
-800.0 266
3200.0 285
-800.0 286
-800.0 304
-800.0 267
-800.0 285
3200.0 286
-800.0 287
-800.0 305
-800.0 268
-800.0 286
3200.0 287
-800.0 288
-800.0 306
-800.0 269
-800.0 287
3200.0 288
-800.0 289
-800.0 307
-800.0 270
-800.0 288
3200.0 289
-800.0 290
-800.0 308
-800.0 271
-800.0 289
3200.0 290
-800.0 291
-800.0 309
-800.0 272
-800.0 290
3200.0 291
-800.0 292
-800.0 310
-800.0 273
-800.0 291
3200.0 292
-800.0 293
-800.0 311
-800.0 274
-800.0 292
3200.0 293
-800.0 294
-800.0 312
-800.0 275
-800.0 293
3200.0 294
-800.0 295
-800.0 313
-800.0 276
-800.0 294
3200.0 295
-800.0 296
-800.0 314
-800.0 277
-800.0 295
3200.0 296
-800.0 297
-800.0 315
-800.0 278
-800.0 296
3200.0 297
-800.0 298
-800.0 316
-800.0 279
-800.0 297
3200.0 298
-800.0 299
-800.0 317
-800.0 280
-800.0 298
3200.0 299
-800.0 300
-800.0 318
-800.0 281
-800.0 299
3200.0 300
-800.0 301
-800.0 319
-800.0 282
-800.0 300
3200.0 301
-800.0 302
-800.0 320
-800.0 283
-800.0 301
3200.0 302
-800.0 303
-800.0 321
-800.0 284
-800.0 302
3200.0 303
-800.0 322
-800.0 285
3200.0 304
-800.0 305
-800.0 323
-800.0 286
-800.0 304
3200.0 305
-800.0 306
-800.0 324
-800.0 287
-800.0 305
3200.0 306
-800.0 307
-800.0 325
-800.0 288
-800.0 306
3200.0 307
-800.0 308
-800.0 326
-800.0 289
-800.0 307
3200.0 308
-800.0 309
-800.0 327
-800.0 290
-800.0 308
3200.0 309
-800.0 310
-800.0 328
-800.0 291
-800.0 309
3200.0 310
-800.0 311
-800.0 329
-800.0 292
-800.0 310
3200.0 311
-800.0 312
-800.0 330
-800.0 293
-800.0 311
3200.0 312
-800.0 313
-800.0 331
-800.0 294
-800.0 312
3200.0 313
-800.0 314
-800.0 332
-800.0 295
-800.0 313
3200.0 314
-800.0 315
-800.0 333
-800.0 296
-800.0 314
3200.0 315
-800.0 316
-800.0 334
-800.0 297
-800.0 315
3200.0 316
-800.0 317
-800.0 335
-800.0 298
-800.0 316
3200.0 317
-800.0 318
-800.0 336
-800.0 299
-800.0 317
3200.0 318
-800.0 319
-800.0 337
-800.0 300
-800.0 318
3200.0 319
-800.0 320
-800.0 338
-800.0 301
-800.0 319
3200.0 320
-800.0 321
-800.0 339
-800.0 302
-800.0 320
3200.0 321
-800.0 322
-800.0 340
-800.0 303
-800.0 321
3200.0 322
-800.0 341
-800.0 304
3200.0 323
-800.0 324
-800.0 342
-800.0 305
-800.0 323
3200.0 324
-800.0 325
-800.0 343
-800.0 306
-800.0 324
3200.0 325
-800.0 326
-800.0 344
-800.0 307
-800.0 325
3200.0 326
-800.0 327
-800.0 345
-800.0 308
-800.0 326
3200.0 327
-800.0 328
-800.0 346
-800.0 309
-800.0 327
3200.0 328
-800.0 329
-800.0 347
-800.0 310
-800.0 328
3200.0 329
-800.0 330
-800.0 348
-800.0 311
-800.0 329
3200.0 330
-800.0 331
-800.0 349
-800.0 312
-800.0 330
3200.0 331
-800.0 332
-800.0 350
-800.0 313
-800.0 331
3200.0 332
-800.0 333
-800.0 351
-800.0 314
-800.0 332
3200.0 333
-800.0 334
-800.0 352
-800.0 315
-800.0 333
3200.0 334
-800.0 335
-800.0 353
-800.0 316
-800.0 334
3200.0 335
-800.0 336
-800.0 354
-800.0 317
-800.0 335
3200.0 336
-800.0 337
-800.0 355
-800.0 318
-800.0 336
3200.0 337
-800.0 338
-800.0 356
-800.0 319
-800.0 337
3200.0 338
-800.0 339
-800.0 357
-800.0 320
-800.0 338
3200.0 339
-800.0 340
-800.0 358
-800.0 321
-800.0 339
3200.0 340
-800.0 341
-800.0 359
-800.0 322
-800.0 340
3200.0 341
-800.0 360
-800.0 323
3200.0 342
-800.0 343
-800.0 324
-800.0 342
3200.0 343
-800.0 344
-800.0 325
-800.0 343
3200.0 344
-800.0 345
-800.0 326
-800.0 344
3200.0 345
-800.0 346
-800.0 327
-800.0 345
3200.0 346
-800.0 347
-800.0 328
-800.0 346
3200.0 347
-800.0 348
-800.0 329
-800.0 347
3200.0 348
-800.0 349
-800.0 330
-800.0 348
3200.0 349
-800.0 350
-800.0 331
-800.0 349
3200.0 350
-800.0 351
-800.0 332
-800.0 350
3200.0 351
-800.0 352
-800.0 333
-800.0 351
3200.0 352
-800.0 353
-800.0 334
-800.0 352
3200.0 353
-800.0 354
-800.0 335
-800.0 353
3200.0 354
-800.0 355
-800.0 336
-800.0 354
3200.0 355
-800.0 356
-800.0 337
-800.0 355
3200.0 356
-800.0 357
-800.0 338
-800.0 356
3200.0 357
-800.0 358
-800.0 339
-800.0 357
3200.0 358
-800.0 359
-800.0 340
-800.0 358
3200.0 359
-800.0 360
-800.0 341
-800.0 359
3200.0 360
