361
0.9661056443559952
1.9084225614271382
2.8037477813445895
3.6300354257799357
4.366939550635708
4.996315130713382
5.502664850453649
5.873520699278132
6.0997509753887735
6.175785138572488
6.099750975388772
5.873520699278132
5.502664850453651
4.996315130713382
4.366939550635708
3.630035425779936
2.8037477813445904
1.9084225614271388
0.9661056443559958
1.9084225614271382
3.7698534257005845
5.538457987207073
7.1706873319802975
8.626350556493316
9.869604401089356
10.869835829991512
11.602415825842423
12.04930583785062
12.199501950777545
12.049305837850618
11.602415825842423
10.869835829991514
9.869604401089356
8.626350556493318
7.170687331980298
5.5384579872070745
3.769853425700586
1.9084225614271393
2.80374778134459
5.538457987207074
8.136792976336292
10.534773117920455
12.673352182433945
14.499871255771449
15.969355376478127
17.045620968564002
17.702166801231193
17.92282653712875
17.702166801231193
17.045620968564002
15.96935537647813
14.499871255771449
12.673352182433947
10.534773117920457
8.136792976336293
5.5384579872070745
2.8037477813445912
3.630035425779936
7.1706873319802975
10.534773117920455
13.639457826789943
16.408293817198587
18.77310315782272
20.675656394343935
22.069106351866903
22.919141667842137
23.204831651684845
22.919141667842133
22.069106351866903
20.67565639434394
18.77310315782272
16.40829381719859
13.639457826789945
10.534773117920459
7.1706873319803
3.6300354257799383
4.366939550635708
8.626350556493316
12.673352182433945
16.408293817198587
19.739208802178712
22.584078955771073
24.87285413321149
26.549177093622067
27.57177120232055
27.915456798555514
27.571771202320548
26.549177093622067
24.872854133211494
22.584078955771073
19.739208802178716
16.40829381719859
12.67335218243395
8.62635055649332
4.366939550635711
4.996315130713382
9.869604401089358
14.499871255771447
18.77310315782272
22.584078955771076
25.83895977756749
28.457599655049208
30.375518983665145
31.545492224335455
31.93871075295626
31.545492224335447
30.375518983665145
28.45759965504921
25.83895977756749
22.584078955771076
18.773103157822725
14.499871255771454
9.869604401089362
4.996315130713385
5.50266485045365
10.869835829991512
15.969355376478127
20.675656394343935
24.87285413321149
28.457599655049204
31.341624628021133
33.453914785762585
34.74245853430085
35.175527650115384
34.742458534300845
33.453914785762585
31.34162462802114
28.457599655049204
24.872854133211494
20.67565639434394
15.969355376478132
10.869835829991516
5.502664850453653
5.873520699278132
11.602415825842423
17.045620968564
22.069106351866903
26.549177093622067
30.375518983665142
33.453914785762585
35.70856417865684
37.08395021154253
37.54620631564544
37.08395021154252
35.70856417865684
33.45391478576259
30.375518983665142
26.54917709362207
22.069106351866907
17.045620968564005
11.602415825842424
5.873520699278136
6.0997509753887735
12.04930583785062
17.702166801231193
22.919141667842133
27.57177120232055
31.545492224335455
34.74245853430085
37.08395021154253
38.51231196000144
38.99237277296967
38.51231196000143
37.08395021154253
34.74245853430086
31.545492224335455
27.571771202320555
22.919141667842137
17.7021668012312
12.049305837850623
6.099750975388777
6.175785138572488
12.199501950777545
17.92282653712875
23.204831651684845
27.915456798555514
31.93871075295626
35.175527650115384
37.54620631564544
38.99237277296967
39.47841760435743
38.99237277296966
37.54620631564544
35.17552765011539
31.93871075295626
27.915456798555518
23.20483165168485
17.922826537128756
12.199501950777549
6.175785138572492
6.099750975388773
12.049305837850618
17.70216680123119
22.919141667842133
27.571771202320548
31.54549222433545
34.742458534300845
37.08395021154252
38.51231196000143
38.99237277296966
38.512311960001426
37.08395021154252
34.74245853430085
31.54549222433545
27.57177120232055
22.919141667842137
17.702166801231197
12.049305837850621
6.099750975388776
5.873520699278133
11.602415825842423
17.045620968564002
22.069106351866903
26.54917709362207
30.375518983665145
33.45391478576259
35.70856417865685
37.08395021154253
37.54620631564544
37.08395021154252
35.70856417865685
33.4539147857626
30.375518983665145
26.549177093622074
22.069106351866907
17.045620968564005
11.602415825842426
5.873520699278137
5.502664850453651
10.869835829991514
15.969355376478129
20.67565639434394
24.872854133211494
28.457599655049208
31.341624628021137
33.45391478576259
34.74245853430085
35.17552765011539
34.74245853430085
33.45391478576259
31.341624628021144
28.457599655049208
24.872854133211497
20.675656394343942
15.969355376478136
10.869835829991517
5.5026648504536535
4.996315130713382
9.869604401089358
14.499871255771447
18.77310315782272
22.584078955771076
25.83895977756749
28.457599655049208
30.375518983665145
31.545492224335455
31.93871075295626
31.545492224335447
30.375518983665145
28.45759965504921
25.83895977756749
22.584078955771076
18.773103157822725
14.499871255771454
9.869604401089362
4.996315130713385
4.366939550635709
8.626350556493318
12.673352182433947
16.40829381719859
19.739208802178716
22.584078955771076
24.872854133211494
26.54917709362207
27.57177120232056
27.915456798555518
27.57177120232055
26.54917709362207
24.872854133211497
22.584078955771076
19.73920880217872
16.40829381719859
12.673352182433952
8.626350556493321
4.366939550635712
3.6300354257799365
7.170687331980299
10.534773117920457
13.639457826789945
16.40829381719859
18.773103157822725
20.67565639434394
22.069106351866907
22.91914166784214
23.20483165168485
22.919141667842137
22.069106351866907
20.675656394343942
18.773103157822725
16.408293817198594
13.639457826789947
10.53477311792046
7.170687331980301
3.6300354257799388
2.8037477813445904
5.5384579872070745
8.136792976336293
10.534773117920457
12.673352182433948
14.499871255771453
15.969355376478132
17.045620968564005
17.7021668012312
17.922826537128756
17.702166801231197
17.045620968564005
15.969355376478134
14.499871255771453
12.67335218243395
10.534773117920459
8.136792976336297
5.538457987207076
2.803747781344592
1.9084225614271388
3.769853425700586
5.5384579872070745
7.170687331980299
8.62635055649332
9.86960440108936
10.869835829991516
11.602415825842426
12.049305837850623
12.199501950777549
12.049305837850621
11.602415825842426
10.86983582999152
9.86960440108936
8.626350556493321
7.170687331980301
5.538457987207077
3.769853425700587
1.90842256142714
0.9661056443559959
1.9084225614271395
2.8037477813445912
3.6300354257799383
4.366939550635711
4.996315130713386
5.5026648504536535
5.873520699278137
6.099750975388778
6.175785138572492
6.099750975388776
5.873520699278137
5.502664850453654
4.996315130713386
4.366939550635712
3.6300354257799388
2.8037477813445926
1.9084225614271402
0.9661056443559964
