361
0.0245221220
0.0484404281
0.0711659698
0.0921391692
0.1108435967
0.1268186869
0.1396710799
0.1490843075
0.1548265849
0.1567565179
0.1548265853
0.1490843078
0.1396710801
0.1268186869
0.1108435966
0.0921391691
0.0711659696
0.0484404279
0.0245221220
0.0484404281
0.0956880920
0.1405795974
0.1820095666
0.2189578562
0.2505146768
0.2759029944
0.2944976648
0.3058408253
0.3096531700
0.3058408258
0.2944976652
0.2759029946
0.2505146768
0.2189578560
0.1820095661
0.1405795971
0.0956880919
0.0484404280
0.0711659698
0.1405795974
0.2065316886
0.2673982844
0.3216806469
0.3680421640
0.4053412614
0.4326595119
0.4493242496
0.4549251332
0.4493242499
0.4326595124
0.4053412618
0.3680421639
0.3216806464
0.2673982838
0.2065316883
0.1405795973
0.0711659700
0.0921391691
0.1820095663
0.2673982840
0.3462027687
0.4164825921
0.4765072318
0.5247986816
0.5601678461
0.5817438194
0.5889953294
0.5817438197
0.5601678466
0.5247986817
0.4765072316
0.4164825918
0.3462027683
0.2673982839
0.1820095664
0.0921391691
0.1108435964
0.2189578558
0.3216806461
0.4164825918
0.5010293537
0.5732391098
0.6313338161
0.6738829889
0.6998389261
0.7085625062
0.6998389260
0.6738829891
0.6313338165
0.5732391097
0.5010293535
0.4164825919
0.3216806465
0.2189578564
0.1108435968
0.1268186865
0.2505146761
0.3680421632
0.4765072311
0.5732391095
0.6558559385
0.7223234172
0.7710048965
0.8007016760
0.8106825229
0.8007016758
0.7710048961
0.7223234173
0.6558559383
0.5732391095
0.4765072315
0.3680421641
0.2505146769
0.1268186869
0.1396710799
0.2759029943
0.4053412612
0.5247986814
0.6313338163
0.7223234174
0.7955270186
0.8491421044
0.8818484930
0.8928408452
0.8818484927
0.8491421041
0.7955270184
0.7223234169
0.6313338161
0.5247986815
0.4053412617
0.2759029946
0.1396710802
0.1490843076
0.2944976650
0.4326595123
0.5601678466
0.6738829891
0.7710048962
0.8491421042
0.9063706153
0.9412812738
0.9530144629
0.9412812732
0.9063706150
0.8491421041
0.7710048962
0.6738829890
0.5601678463
0.4326595121
0.2944976649
0.1490843075
0.1548265850
0.3058408256
0.4493242502
0.5817438200
0.6998389264
0.8007016759
0.8818484930
0.9412812737
0.9775365852
0.9897217015
0.9775365849
0.9412812733
0.8818484930
0.8007016762
0.6998389263
0.5817438197
0.4493242496
0.3058408254
0.1548265849
0.1567565177
0.3096531700
0.4549251335
0.5889953301
0.7085625066
0.8106825229
0.8928408452
0.9530144627
0.9897217014
1.0020587069
0.9897217011
0.9530144628
0.8928408453
0.8106825233
0.7085625068
0.5889953296
0.4549251328
0.3096531698
0.1567565176
0.1548265850
0.3058408255
0.4493242499
0.5817438199
0.6998389262
0.8007016757
0.8818484926
0.9412812730
0.9775365845
0.9897217009
0.9775365848
0.9412812733
0.8818484933
0.8007016765
0.6998389266
0.5817438198
0.4493242497
0.3058408254
0.1548265849
0.1490843075
0.2944976647
0.4326595123
0.5601678463
0.6738829889
0.7710048961
0.8491421037
0.9063706145
0.9412812730
0.9530144626
0.9412812733
0.9063706150
0.8491421041
0.7710048964
0.6738829892
0.5601678464
0.4326595122
0.2944976648
0.1490843075
0.1396710799
0.2759029944
0.4053412617
0.5247986816
0.6313338162
0.7223234171
0.7955270182
0.8491421040
0.8818484931
0.8928408454
0.8818484929
0.8491421039
0.7955270182
0.7223234171
0.6313338161
0.5247986817
0.4053412617
0.2759029944
0.1396710798
0.1268186867
0.2505146765
0.3680421640
0.4765072318
0.5732391096
0.6558559383
0.7223234171
0.7710048964
0.8007016765
0.8106825233
0.8007016761
0.7710048960
0.7223234170
0.6558559383
0.5732391095
0.4765072316
0.3680421641
0.2505146766
0.1268186866
0.1108435965
0.2189578562
0.3216806467
0.4164825920
0.5010293535
0.5732391094
0.6313338163
0.6738829894
0.6998389270
0.7085625072
0.6998389264
0.6738829888
0.6313338160
0.5732391095
0.5010293535
0.4164825918
0.3216806466
0.2189578560
0.1108435966
0.0921391692
0.1820095663
0.2673982841
0.3462027688
0.4164825919
0.4765072314
0.5247986814
0.5601678465
0.5817438202
0.5889953301
0.5817438201
0.5601678462
0.5247986812
0.4765072314
0.4164825919
0.3462027686
0.2673982842
0.1820095664
0.0921391693
0.0711659697
0.1405795972
0.2065316885
0.2673982841
0.3216806465
0.3680421637
0.4053412614
0.4326595121
0.4493242499
0.4549251334
0.4493242500
0.4326595121
0.4053412613
0.3680421636
0.3216806467
0.2673982842
0.2065316886
0.1405795975
0.0711659700
0.0484404279
0.0956880916
0.1405795971
0.1820095664
0.2189578561
0.2505146766
0.2759029943
0.2944976647
0.3058408253
0.3096531699
0.3058408255
0.2944976646
0.2759029943
0.2505146765
0.2189578562
0.1820095665
0.1405795975
0.0956880920
0.0484404280
0.0245221220
0.0484404278
0.0711659696
0.0921391692
0.1108435965
0.1268186867
0.1396710798
0.1490843074
0.1548265845
0.1567565175
0.1548265847
0.1490843073
0.1396710797
0.1268186867
0.1108435967
0.0921391694
0.0711659700
0.0484404281
0.0245221221
