1521
1.4997597826618576e-32
-2.999519565323715e-32
4.499279347985573e-32
-5.99903913064743e-32
7.498798913309289e-32
-8.998558695971146e-32
1.0498318478633003e-31
-1.199807826129486e-31
1.3497838043956718e-31
-1.4997597826618578e-31
6.000555195958094e-31
-1.7997117391942291e-31
-2.4011317175696363e-31
-2.0996636957266007e-31
6.600459109022838e-31
-2.399615652258972e-31
-1.8012278045048932e-31
-2.6995676087913437e-31
7.200363022087581e-31
-2.9995195653237157e-31
-1.2013238914401504e-31
-1.2001110391916188e-30
7.800266935152324e-31
-3.5994234783884583e-31
-6.014199783754072e-32
4.8022634351392725e-31
8.400170848217067e-31
-4.199327391453201e-31
-1.5160653106642468e-34
-1.3200918218045676e-30
9.00007476128181e-31
-4.799231304517944e-31
5.983878477540788e-32
3.6024556090097865e-31
9.599978674346553e-31
-5.399135217582687e-31
1.198291760818822e-31
-1.4400726044175162e-30
1.0199882587411295e-30
-2.999519565323715e-32
5.99903913064743e-32
-8.998558695971146e-32
1.199807826129486e-31
-1.4997597826618578e-31
1.7997117391942291e-31
-2.0996636957266007e-31
2.399615652258972e-31
-2.6995676087913437e-31
2.9995195653237157e-31
-1.2001110391916188e-30
3.5994234783884583e-31
4.8022634351392725e-31
4.199327391453201e-31
-1.3200918218045676e-30
4.799231304517944e-31
3.6024556090097865e-31
5.399135217582687e-31
-1.4400726044175162e-30
5.999039130647431e-31
2.402647782880301e-31
2.4002220783832376e-30
-1.5600533870304648e-30
7.1988469567769165e-31
1.2028399567508145e-31
-9.604526870278545e-31
-1.6800341696434134e-30
8.398654782906403e-31
3.0321306213284935e-34
2.6401836436091352e-30
-1.800014952256362e-30
9.598462609035889e-31
-1.1967756955081577e-31
-7.204911218019573e-31
-1.9199957348693106e-30
1.0798270435165375e-30
-2.396583521637644e-31
2.8801452088350324e-30
-2.039976517482259e-30
4.499279347985573e-32
-8.998558695971146e-32
1.3497838043956716e-31
-1.7997117391942291e-31
2.2496396739927866e-31
-2.6995676087913433e-31
3.1494955435899008e-31
-3.5994234783884583e-31
4.049351413187016e-31
-4.499279347985573e-31
1.800166558787428e-30
-5.3991352175826865e-31
-7.203395152708908e-31
-6.2989910871798015e-31
1.980137732706851e-30
-7.1988469567769165e-31
-5.403683413514679e-31
-8.098702826374032e-31
2.160108906626274e-30
-8.998558695971147e-31
-3.603971674320451e-31
-3.600333117574856e-30
2.340080080545697e-30
-1.0798270435165373e-30
-1.8042599351262219e-31
1.4406790305417817e-30
2.52005125446512e-30
-1.2597982174359603e-30
-4.54819593199274e-34
-3.960275465413702e-30
2.7000224283845428e-30
-1.4397693913553833e-30
1.7951635432622364e-31
1.0807366827029358e-30
2.8799936023039658e-30
-1.6197405652748063e-30
3.5948752824564655e-31
-4.320217813252548e-30
3.0599647762233884e-30
-5.99903913064743e-32
1.199807826129486e-31
-1.7997117391942291e-31
2.399615652258972e-31
-2.9995195653237157e-31
3.5994234783884583e-31
-4.199327391453201e-31
4.799231304517944e-31
-5.399135217582687e-31
5.999039130647431e-31
-2.4002220783832376e-30
7.1988469567769165e-31
9.604526870278545e-31
8.398654782906403e-31
-2.6401836436091352e-30
9.598462609035889e-31
7.204911218019573e-31
1.0798270435165375e-30
-2.8801452088350324e-30
1.1998078261294863e-30
4.805295565760602e-31
4.800444156766475e-30
-3.1201067740609296e-30
1.4397693913553833e-30
2.405679913501629e-31
-1.920905374055709e-30
-3.360068339286827e-30
1.6797309565812805e-30
6.064261242656987e-34
5.2803672872182704e-30
-3.600029904512724e-30
1.9196925218071777e-30
-2.3935513910163154e-31
-1.4409822436039146e-30
-3.839991469738621e-30
2.159654087033075e-30
-4.793167043275288e-31
5.760290417670065e-30
-4.079953034964518e-30
7.498798913309289e-32
-1.4997597826618578e-31
2.2496396739927866e-31
-2.9995195653237157e-31
3.7493994566546447e-31
-4.499279347985573e-31
5.249159239316502e-31
-5.999039130647431e-31
6.74891902197836e-31
-7.498798913309289e-31
3.0002775979790475e-30
-8.998558695971147e-31
-1.2005658587848182e-30
-1.0498318478633004e-30
3.300229554511419e-30
-1.1998078261294863e-30
-9.006139022524467e-31
-1.349783804395672e-30
3.6001815110437904e-30
-1.4997597826618579e-30
-6.006619457200752e-31
-6.000555195958095e-30
3.900133467576162e-30
-1.7997117391942293e-30
-3.0070998918770366e-31
2.4011317175696364e-30
4.200085424108534e-30
-2.0996636957266007e-30
-7.580326553321233e-34
-6.600459109022839e-30
4.500037380640905e-30
-2.3996156522589725e-30
2.9919392387703943e-31
1.8012278045048935e-30
4.799989337173277e-30
-2.699567608791344e-30
5.9914588040941095e-31
-7.200363022087581e-30
5.099941293705648e-30
-8.998558695971146e-32
1.7997117391942291e-31
-2.6995676087913433e-31
3.5994234783884583e-31
-4.499279347985573e-31
5.3991352175826865e-31
-6.2989910871798015e-31
7.1988469567769165e-31
-8.098702826374032e-31
8.998558695971147e-31
-3.600333117574856e-30
1.0798270435165373e-30
1.4406790305417817e-30
1.2597982174359603e-30
-3.960275465413702e-30
1.4397693913553833e-30
1.0807366827029358e-30
1.6197405652748063e-30
-4.320217813252548e-30
1.7997117391942293e-30
7.207943348640902e-31
7.200666235149713e-30
-4.680160161091394e-30
2.1596540870330746e-30
3.6085198702524437e-31
-2.8813580610835633e-30
-5.04010250893024e-30
2.5195964348719206e-30
9.09639186398548e-34
7.920550930827405e-30
-5.4000448567690856e-30
2.8795387827107666e-30
-3.590327086524473e-31
-2.1614733654058717e-30
-5.7599872046079316e-30
3.2394811305496126e-30
-7.189750564912931e-31
8.640435626505097e-30
-6.119929552446777e-30
1.0498318478633003e-31
-2.0996636957266007e-31
3.1494955435899008e-31
-4.199327391453201e-31
5.249159239316502e-31
-6.2989910871798015e-31
7.348822935043102e-31
-8.398654782906403e-31
9.448486630769703e-31
-1.0498318478633004e-30
4.200388637170666e-30
-1.2597982174359603e-30
-1.680792202298745e-30
-1.4697645870086204e-30
4.620321376315986e-30
-1.6797309565812805e-30
-1.2608594631534253e-30
-1.8896973261539406e-30
5.040254115461306e-30
-2.0996636957266007e-30
-8.409267240081053e-31
-8.400777274341332e-30
5.4601868546066264e-30
-2.5195964348719206e-30
-4.209939848627851e-31
3.36158440459749e-30
5.8801195937519466e-30
-2.9395291740172408e-30
-1.0612457174649726e-33
-9.240642752631972e-30
6.300052332897266e-30
-3.359461913162561e-30
4.188714934278551e-31
2.5217189263068506e-30
6.719985072042587e-30
-3.779394652307881e-30
8.388042325731753e-31
-1.0080508230922612e-29
7.139917811187907e-30
-1.199807826129486e-31
2.399615652258972e-31
-3.5994234783884583e-31
4.799231304517944e-31
-5.999039130647431e-31
7.1988469567769165e-31
-8.398654782906403e-31
9.598462609035889e-31
-1.0798270435165375e-30
1.1998078261294863e-30
-4.800444156766475e-30
1.4397693913553833e-30
1.920905374055709e-30
1.6797309565812805e-30
-5.2803672872182704e-30
1.9196925218071777e-30
1.4409822436039146e-30
2.159654087033075e-30
-5.760290417670065e-30
2.3996156522589725e-30
9.610591131521203e-31
9.60088831353295e-30
-6.240213548121859e-30
2.8795387827107666e-30
4.811359827003258e-31
-3.841810748111418e-30
-6.720136678573654e-30
3.359461913162561e-30
1.2128522485313974e-33
1.0560734574436541e-29
-7.200059809025447e-30
3.8393850436143555e-30
-4.787102782032631e-31
-2.881964487207829e-30
-7.679982939477243e-30
4.31930817406615e-30
-9.586334086550576e-31
1.152058083534013e-29
-8.159906069929036e-30
1.3497838043956718e-31
-2.6995676087913437e-31
4.049351413187016e-31
-5.399135217582687e-31
6.74891902197836e-31
-8.098702826374032e-31
9.448486630769703e-31
-1.0798270435165375e-30
1.2148054239561048e-30
-1.349783804395672e-30
5.400499676362285e-30
-1.6197405652748063e-30
-2.1610185458126725e-30
-1.8896973261539406e-30
5.940413198120554e-30
-2.159654087033075e-30
-1.621105024054404e-30
-2.4296108479122096e-30
6.480326719878823e-30
-2.699567608791344e-30
-1.0811915022961354e-30
-1.080099935272457e-29
7.020240241637092e-30
-3.2394811305496126e-30
-5.412779805378666e-31
4.322037091625345e-30
7.560153763395361e-30
-3.779394652307881e-30
-1.364458779597822e-33
-1.1880826396241108e-29
8.100067285153628e-30
-4.31930817406615e-30
5.385490629786709e-31
3.242210048108808e-30
8.639980806911898e-30
-4.859221695824419e-30
1.0784625847369397e-30
-1.2960653439757647e-29
9.179894328670167e-30
-1.4997597826618578e-31
2.9995195653237157e-31
-4.499279347985573e-31
5.999039130647431e-31
-7.498798913309289e-31
8.998558695971147e-31
-1.0498318478633004e-30
1.1998078261294863e-30
-1.349783804395672e-30
1.4997597826618579e-30
-6.000555195958095e-30
1.7997117391942293e-30
2.4011317175696364e-30
2.0996636957266007e-30
-6.600459109022839e-30
2.3996156522589725e-30
1.8012278045048935e-30
2.699567608791344e-30
-7.200363022087581e-30
2.9995195653237157e-30
1.2013238914401504e-30
1.200111039191619e-29
-7.800266935152324e-30
3.5994234783884586e-30
6.014199783754073e-31
-4.802263435139273e-30
-8.400170848217068e-30
4.1993273914532015e-30
1.5160653106642467e-33
1.3200918218045677e-29
-9.00007476128181e-30
4.799231304517945e-30
-5.983878477540789e-31
-3.602455609009787e-30
-9.599978674346554e-30
5.399135217582688e-30
-1.1982917608188219e-30
1.4400726044175161e-29
-1.0199882587411296e-29
6.000555195958094e-31
-1.2001110391916188e-30
1.800166558787428e-30
-2.4002220783832376e-30
3.0002775979790475e-30
-3.600333117574856e-30
4.200388637170666e-30
-4.800444156766475e-30
5.400499676362285e-30
-6.000555195958095e-30
2.4008286577623145e-29
-7.200666235149713e-30
-9.606954107323722e-30
-8.400777274341332e-30
2.6408508656006383e-29
-9.60088831353295e-30
-7.206732028940484e-30
-1.080099935272457e-29
2.8808730734389624e-29
-1.200111039191619e-29
-4.806509950557246e-30
-4.801657315524629e-29
3.120895281277286e-29
-1.4401332470299425e-29
-2.4062878721740086e-30
1.9213908214647443e-29
3.36091748911561e-29
-1.6801554548682663e-29
-6.0657937907708715e-33
-5.281701731201277e-29
3.6009396969539335e-29
-1.92017766270659e-29
2.394156284592467e-30
1.4413464057880967e-29
3.8409619047922576e-29
-2.160199870544914e-29
4.794378362975705e-30
-5.761746146877925e-29
4.080984112630581e-29
-1.7997117391942291e-31
3.5994234783884583e-31
-5.3991352175826865e-31
7.1988469567769165e-31
-8.998558695971147e-31
1.0798270435165373e-30
-1.2597982174359603e-30
1.4397693913553833e-30
-1.6197405652748063e-30
1.7997117391942293e-30
-7.200666235149713e-30
2.1596540870330746e-30
2.8813580610835633e-30
2.5195964348719206e-30
-7.920550930827405e-30
2.8795387827107666e-30
2.1614733654058717e-30
3.2394811305496126e-30
-8.640435626505097e-30
3.5994234783884586e-30
1.4415886697281804e-30
1.4401332470299425e-29
-9.360320322182789e-30
4.319308174066149e-30
7.217039740504887e-31
-5.762716122167127e-30
-1.008020501786048e-29
5.039192869743841e-30
1.819278372797096e-33
1.584110186165481e-29
-1.0800089713538171e-29
5.759077565421533e-30
-7.180654173048946e-31
-4.3229467308117434e-30
-1.1519974409215863e-29
6.478962261099225e-30
-1.4379501129825862e-30
1.7280871253010193e-29
-1.2239859104893554e-29
-2.4011317175696363e-31
4.8022634351392725e-31
-7.203395152708908e-31
9.604526870278545e-31
-1.2005658587848182e-30
1.4406790305417817e-30
-1.680792202298745e-30
1.920905374055709e-30
-2.1610185458126725e-30
2.4011317175696364e-30
-9.606954107323722e-30
2.8813580610835633e-30
3.844237985156594e-30
3.36158440459749e-30
-1.0567406794351575e-29
3.841810748111418e-30
2.88378529812874e-30
4.322037091625345e-30
-1.1527859481379431e-29
4.802263435139273e-30
1.9233326111008858e-30
1.9213908214647443e-29
-1.2488312168407285e-29
5.762716122167127e-30
9.628799240730311e-31
-7.688475970313188e-30
-1.344876485543514e-29
6.72316880919498e-30
2.4272370451766796e-33
2.113481358870315e-29
-1.4409217542462993e-29
7.683621496222836e-30
-9.580254499826779e-31
-5.76757059625748e-30
-1.536967022949085e-29
8.64407418325069e-30
-1.9184781370105322e-30
2.3055718962758862e-29
-1.6330122916518704e-29
-2.0996636957266007e-31
4.199327391453201e-31
-6.2989910871798015e-31
8.398654782906403e-31
-1.0498318478633004e-30
1.2597982174359603e-30
-1.4697645870086204e-30
1.6797309565812805e-30
-1.8896973261539406e-30
2.0996636957266007e-30
-8.400777274341332e-30
2.5195964348719206e-30
3.36158440459749e-30
2.9395291740172408e-30
-9.240642752631972e-30
3.359461913162561e-30
2.5217189263068506e-30
3.779394652307881e-30
-1.0080508230922612e-29
4.1993273914532015e-30
1.6818534480162105e-30
1.6801554548682663e-29
-1.0920373709213253e-29
5.039192869743841e-30
8.419879697255703e-31
-6.72316880919498e-30
-1.1760239187503893e-29
5.8790583480344816e-30
2.1224914349299452e-33
1.8481285505263944e-29
-1.2600104665794532e-29
6.718923826325122e-30
-8.377429868557103e-31
-5.043437852613701e-30
-1.3439970144085174e-29
7.558789304615763e-30
-1.6776084651463505e-30
2.0161016461845225e-29
-1.4279835622375815e-29
6.600459109022838e-31
-1.3200918218045676e-30
1.980137732706851e-30
-2.6401836436091352e-30
3.300229554511419e-30
-3.960275465413702e-30
4.620321376315986e-30
-5.2803672872182704e-30
5.940413198120554e-30
-6.600459109022839e-30
2.6408508656006383e-29
-7.920550930827405e-30
-1.0567406794351575e-29
-9.240642752631972e-30
2.904869229961552e-29
-1.0560734574436541e-29
-7.92722315074244e-30
-1.1880826396241108e-29
3.168887594322466e-29
-1.3200918218045677e-29
-5.2870395071333065e-30
-5.281701731201277e-29
3.4329059586833793e-29
-1.584110186165481e-29
-2.6468558635241716e-30
2.113481358870315e-29
3.696924323044293e-29
-1.8481285505263944e-29
-6.67221991503657e-33
-5.809738459923104e-29
3.960942687405206e-29
-2.1121469148873082e-29
2.6335114236940984e-30
1.585444630148488e-29
4.22496105176612e-29
-2.3761652792482216e-29
5.2736950673032336e-30
-6.337775188644932e-29
4.4889794161270327e-29
-2.399615652258972e-31
4.799231304517944e-31
-7.1988469567769165e-31
9.598462609035889e-31
-1.1998078261294863e-30
1.4397693913553833e-30
-1.6797309565812805e-30
1.9196925218071777e-30
-2.159654087033075e-30
2.3996156522589725e-30
-9.60088831353295e-30
2.8795387827107666e-30
3.841810748111418e-30
3.359461913162561e-30
-1.0560734574436541e-29
3.8393850436143555e-30
2.881964487207829e-30
4.31930817406615e-30
-1.152058083534013e-29
4.799231304517945e-30
1.9221182263042406e-30
1.92017766270659e-29
-1.2480427096243719e-29
5.759077565421533e-30
9.622719654006516e-31
-7.683621496222836e-30
-1.3440273357147307e-29
6.718923826325122e-30
2.4257044970627948e-33
2.1121469148873082e-29
-1.4400119618050895e-29
7.678770087228711e-30
-9.574205564065261e-31
-5.763928974415658e-30
-1.5359965878954485e-29
8.6386163481323e-30
-1.9172668173101152e-30
2.304116167068026e-29
-1.6319812139858073e-29
-1.8012278045048932e-31
3.6024556090097865e-31
-5.403683413514679e-31
7.204911218019573e-31
-9.006139022524467e-31
1.0807366827029358e-30
-1.2608594631534253e-30
1.4409822436039146e-30
-1.621105024054404e-30
1.8012278045048935e-30
-7.206732028940484e-30
2.1614733654058717e-30
2.88378529812874e-30
2.5217189263068506e-30
-7.92722315074244e-30
2.881964487207829e-30
2.1632941763267827e-30
3.242210048108808e-30
-8.647714272544399e-30
3.602455609009787e-30
1.4428030545248256e-30
1.4413464057880967e-29
-9.368205394346356e-30
4.3229467308117434e-30
7.223119327228683e-31
-5.76757059625748e-30
-1.0088696516148313e-29
5.043437852613701e-30
1.820810920910981e-33
1.585444630148488e-29
-1.080918763795027e-29
5.763928974415658e-30
-7.186703108810464e-31
-4.326588352653565e-30
-1.1529678759752229e-29
6.484420096217615e-30
-1.4391614326830036e-30
1.7295428545088798e-29
-1.2250169881554185e-29
-2.6995676087913437e-31
5.399135217582687e-31
-8.098702826374032e-31
1.0798270435165375e-30
-1.349783804395672e-30
1.6197405652748063e-30
-1.8896973261539406e-30
2.159654087033075e-30
-2.4296108479122096e-30
2.699567608791344e-30
-1.080099935272457e-29
3.2394811305496126e-30
4.322037091625345e-30
3.779394652307881e-30
-1.1880826396241108e-29
4.31930817406615e-30
3.242210048108808e-30
4.859221695824419e-30
-1.2960653439757647e-29
5.399135217582688e-30
2.1623830045922708e-30
2.160199870544914e-29
-1.4040480483274184e-29
6.478962261099225e-30
1.0825559610757331e-30
-8.64407418325069e-30
-1.5120307526790722e-29
7.558789304615763e-30
2.728917559195644e-33
2.3761652792482216e-29
-1.6200134570307256e-29
8.6386163481323e-30
-1.0770981259573418e-30
-6.484420096217615e-30
-1.7279961613823796e-29
9.718443391648839e-30
-2.1569251694738795e-30
2.5921306879515294e-29
-1.8359788657340333e-29
7.200363022087581e-31
-1.4400726044175162e-30
2.160108906626274e-30
-2.8801452088350324e-30
3.6001815110437904e-30
-4.320217813252548e-30
5.040254115461306e-30
-5.760290417670065e-30
6.480326719878823e-30
-7.200363022087581e-30
2.8808730734389624e-29
-8.640435626505097e-30
-1.1527859481379431e-29
-1.0080508230922612e-29
3.168887594322466e-29
-1.152058083534013e-29
-8.647714272544399e-30
-1.2960653439757647e-29
3.456902115205969e-29
-1.4400726044175161e-29
-5.767569063709367e-30
-5.761746146877925e-29
3.744916636089472e-29
-1.7280871253010193e-29
-2.8874238548743347e-30
2.3055718962758862e-29
4.0329311569729756e-29
-2.0161016461845225e-29
-7.278646039302269e-33
-6.337775188644932e-29
4.3209456778564785e-29
-2.304116167068026e-29
2.8728665627957302e-30
1.7295428545088798e-29
4.608960198739982e-29
-2.5921306879515294e-29
5.753011771630762e-30
-6.913804230411937e-29
4.896974719623485e-29
-2.9995195653237157e-31
5.999039130647431e-31
-8.998558695971147e-31
1.1998078261294863e-30
-1.4997597826618579e-30
1.7997117391942293e-30
-2.0996636957266007e-30
2.3996156522589725e-30
-2.699567608791344e-30
2.9995195653237157e-30
-1.200111039191619e-29
3.5994234783884586e-30
4.802263435139273e-30
4.1993273914532015e-30
-1.3200918218045677e-29
4.799231304517945e-30
3.602455609009787e-30
5.399135217582688e-30
-1.4400726044175161e-29
5.9990391306474315e-30
2.402647782880301e-30
2.400222078383238e-29
-1.5600533870304649e-29
7.198846956776917e-30
1.2028399567508146e-30
-9.604526870278545e-30
-1.6800341696434136e-29
8.398654782906403e-30
3.0321306213284933e-33
2.6401836436091354e-29
-1.800014952256362e-29
9.59846260903589e-30
-1.1967756955081577e-30
-7.204911218019574e-30
-1.9199957348693107e-29
1.0798270435165376e-29
-2.3965835216376438e-30
2.8801452088350323e-29
-2.0399765174822591e-29
-1.2013238914401504e-31
2.402647782880301e-31
-3.603971674320451e-31
4.805295565760602e-31
-6.006619457200752e-31
7.207943348640902e-31
-8.409267240081053e-31
9.610591131521203e-31
-1.0811915022961354e-30
1.2013238914401504e-30
-4.806509950557246e-30
1.4415886697281804e-30
1.9233326111008858e-30
1.6818534480162105e-30
-5.2870395071333065e-30
1.9221182263042406e-30
1.4428030545248256e-30
2.1623830045922708e-30
-5.767569063709367e-30
2.402647782880301e-30
9.622734979487655e-31
9.613019901114492e-30
-6.248098620285427e-30
2.8831773394563608e-30
4.817439413727054e-31
-3.8466652222017716e-30
-6.728628176861488e-30
3.363706896032421e-30
1.2143847966452827e-33
1.0574079014266613e-29
-7.209157733437547e-30
3.844236452608481e-30
-4.793151717794149e-31
-2.885606109049651e-30
-7.689687290013608e-30
4.3247660091845415e-30
-9.59844728355475e-31
1.1535138127418733e-29
-8.170216846589667e-30
-1.2001110391916188e-30
2.4002220783832376e-30
-3.600333117574856e-30
4.800444156766475e-30
-6.000555195958095e-30
7.200666235149713e-30
-8.400777274341332e-30
9.60088831353295e-30
-1.080099935272457e-29
1.200111039191619e-29
-4.801657315524629e-29
1.4401332470299425e-29
1.9213908214647443e-29
1.6801554548682663e-29
-5.281701731201277e-29
1.92017766270659e-29
1.4413464057880967e-29
2.160199870544914e-29
-5.761746146877925e-29
2.400222078383238e-29
9.613019901114492e-30
9.603314631049258e-29
-6.241790562554572e-29
2.880266494059885e-29
4.812575744348017e-30
-3.8427816429294886e-29
-6.72183497823122e-29
3.3603109097365326e-29
1.2131587581541743e-32
1.0563403462402553e-28
-7.201879393907867e-29
3.84035532541318e-29
-4.788312569184934e-30
-2.8826928115761934e-29
-7.681923809584515e-29
4.320399741089828e-29
-9.58875672595141e-30
1.152349229375585e-28
-8.161968225261162e-29
7.800266935152324e-31
-1.5600533870304648e-30
2.340080080545697e-30
-3.1201067740609296e-30
3.900133467576162e-30
-4.680160161091394e-30
5.4601868546066264e-30
-6.240213548121859e-30
7.020240241637092e-30
-7.800266935152324e-30
3.120895281277286e-29
-9.360320322182789e-30
-1.2488312168407285e-29
-1.0920373709213253e-29
3.4329059586833793e-29
-1.2480427096243719e-29
-9.368205394346356e-30
-1.4040480483274184e-29
3.744916636089472e-29
-1.5600533870304649e-29
-6.248098620285427e-30
-6.241790562554572e-29
4.056927313495565e-29
-1.8720640644365577e-29
-3.1279918462244973e-30
2.497662433681457e-29
4.3689379909016585e-29
-2.1840747418426506e-29
-7.885072163567968e-33
-6.865811917366759e-29
4.680948668307751e-29
-2.4960854192487437e-29
3.1122217018973616e-30
1.8736410788692713e-29
4.992959345713844e-29
-2.808096096654837e-29
6.2323284759582916e-30
-7.489833272178944e-29
5.304970023119937e-29
-3.5994234783884583e-31
7.1988469567769165e-31
-1.0798270435165373e-30
1.4397693913553833e-30
-1.7997117391942293e-30
2.1596540870330746e-30
-2.5195964348719206e-30
2.8795387827107666e-30
-3.2394811305496126e-30
3.5994234783884586e-30
-1.4401332470299425e-29
4.319308174066149e-30
5.762716122167127e-30
5.039192869743841e-30
-1.584110186165481e-29
5.759077565421533e-30
4.3229467308117434e-30
6.478962261099225e-30
-1.7280871253010193e-29
7.198846956776917e-30
2.8831773394563608e-30
2.880266494059885e-29
-1.8720640644365577e-29
8.638616348132298e-30
1.4434079481009775e-30
-1.1525432244334253e-29
-2.016041003572096e-29
1.0078385739487682e-29
3.638556745594192e-33
3.168220372330962e-29
-2.1600179427076342e-29
1.1518155130843066e-29
-1.4361308346097891e-30
-8.645893461623487e-30
-2.3039948818431726e-29
1.295792452219845e-29
-2.8759002259651724e-30
3.4561742506020386e-29
-2.4479718209787108e-29
-6.014199783754072e-32
1.2028399567508145e-31
-1.8042599351262219e-31
2.405679913501629e-31
-3.0070998918770366e-31
3.6085198702524437e-31
-4.209939848627851e-31
4.811359827003258e-31
-5.412779805378666e-31
6.014199783754073e-31
-2.4062878721740086e-30
7.217039740504887e-31
9.628799240730311e-31
8.419879697255703e-31
-2.6468558635241716e-30
9.622719654006516e-31
7.223119327228683e-31
1.0825559610757331e-30
-2.8874238548743347e-30
1.2028399567508146e-30
4.817439413727054e-31
4.812575744348017e-30
-3.1279918462244973e-30
1.4434079481009775e-30
2.411759500225425e-31
-1.9257598481460622e-30
-3.3685598375746604e-30
1.6839759394511405e-30
6.07958672379584e-34
5.293711727048343e-30
-3.609127828924823e-30
1.9245439308013032e-30
-2.3996003267778333e-31
-1.4446238654457365e-30
-3.8496958202749864e-30
2.1651119221514662e-30
-4.805280240279463e-31
5.774847709748669e-30
-4.090263811625149e-30
4.8022634351392725e-31
-9.604526870278545e-31
1.4406790305417817e-30
-1.920905374055709e-30
2.4011317175696364e-30
-2.8813580610835633e-30
3.36158440459749e-30
-3.841810748111418e-30
4.322037091625345e-30
-4.802263435139273e-30
1.9213908214647443e-29
-5.762716122167127e-30
-7.688475970313188e-30
-6.72316880919498e-30
2.113481358870315e-29
-7.683621496222836e-30
-5.76757059625748e-30
-8.64407418325069e-30
2.3055718962758862e-29
-9.604526870278545e-30
-3.8466652222017716e-30
-3.8427816429294886e-29
2.497662433681457e-29
-1.1525432244334253e-29
-1.9257598481460622e-30
1.5376951940626376e-29
2.689752971087028e-29
-1.344633761838996e-29
-4.854474090353359e-33
-4.22696271774063e-29
2.8818435084925986e-29
-1.5367242992445672e-29
1.9160508999653558e-30
1.153514119251496e-29
3.07393404589817e-29
-1.728814836650138e-29
3.8369562740210645e-30
-4.6111437925517723e-29
3.2660245833037407e-29
8.400170848217067e-31
-1.6800341696434134e-30
2.52005125446512e-30
-3.360068339286827e-30
4.200085424108534e-30
-5.04010250893024e-30
5.8801195937519466e-30
-6.720136678573654e-30
7.560153763395361e-30
-8.400170848217068e-30
3.36091748911561e-29
-1.008020501786048e-29
-1.344876485543514e-29
-1.1760239187503893e-29
3.696924323044293e-29
-1.3440273357147307e-29
-1.0088696516148313e-29
-1.5120307526790722e-29
4.0329311569729756e-29
-1.6800341696434136e-29
-6.728628176861488e-30
-6.72183497823122e-29
4.3689379909016585e-29
-2.016041003572096e-29
-3.3685598375746604e-30
2.689752971087028e-29
4.704944824830341e-29
-2.3520478375007787e-29
-8.491498287833666e-33
-7.393848646088586e-29
5.040951658759023e-29
-2.6880546714294615e-29
3.351576840998993e-30
2.0177393032296627e-29
5.376958492687706e-29
-3.0240615053581443e-29
6.71164518028582e-30
-8.065862313945951e-29
5.712965326616389e-29
-4.199327391453201e-31
8.398654782906403e-31
-1.2597982174359603e-30
1.6797309565812805e-30
-2.0996636957266007e-30
2.5195964348719206e-30
-2.9395291740172408e-30
3.359461913162561e-30
-3.779394652307881e-30
4.1993273914532015e-30
-1.6801554548682663e-29
5.039192869743841e-30
6.72316880919498e-30
5.8790583480344816e-30
-1.8481285505263944e-29
6.718923826325122e-30
5.043437852613701e-30
7.558789304615763e-30
-2.0161016461845225e-29
8.398654782906403e-30
3.363706896032421e-30
3.3603109097365326e-29
-2.1840747418426506e-29
1.0078385739487682e-29
1.6839759394511405e-30
-1.344633761838996e-29
-2.3520478375007787e-29
1.1758116696068963e-29
4.2449828698598904e-33
3.696257101052789e-29
-2.5200209331589065e-29
1.3437847652650244e-29
-1.6754859737114205e-30
-1.0086875705227402e-29
-2.687994028817035e-29
1.5117578609231525e-29
-3.355216930292701e-30
4.032203292369045e-29
-2.855967124475163e-29
-1.5160653106642468e-34
3.0321306213284935e-34
-4.54819593199274e-34
6.064261242656987e-34
-7.580326553321233e-34
9.09639186398548e-34
-1.0612457174649726e-33
1.2128522485313974e-33
-1.364458779597822e-33
1.5160653106642467e-33
-6.0657937907708715e-33
1.819278372797096e-33
2.4272370451766796e-33
2.1224914349299452e-33
-6.67221991503657e-33
2.4257044970627948e-33
1.820810920910981e-33
2.728917559195644e-33
-7.278646039302269e-33
3.0321306213284933e-33
1.2143847966452827e-33
1.2131587581541743e-32
-7.885072163567968e-33
3.638556745594192e-33
6.07958672379584e-34
-4.854474090353359e-33
-8.491498287833666e-33
4.2449828698598904e-33
1.5325481138853143e-36
1.334443983007314e-32
-9.097924412099365e-33
4.8514089941255896e-33
-6.048935761518134e-34
-3.641621841821962e-33
-9.704350536365065e-33
5.457835118391288e-33
-1.2113197004175121e-33
1.4557292078604538e-32
-1.0310776660630762e-32
-1.3200918218045676e-30
2.6401836436091352e-30
-3.960275465413702e-30
5.2803672872182704e-30
-6.600459109022839e-30
7.920550930827405e-30
-9.240642752631972e-30
1.0560734574436541e-29
-1.1880826396241108e-29
1.3200918218045677e-29
-5.281701731201277e-29
1.584110186165481e-29
2.113481358870315e-29
1.8481285505263944e-29
-5.809738459923104e-29
2.1121469148873082e-29
1.585444630148488e-29
2.3761652792482216e-29
-6.337775188644932e-29
2.6401836436091354e-29
1.0574079014266613e-29
1.0563403462402553e-28
-6.865811917366759e-29
3.168220372330962e-29
5.293711727048343e-30
-4.22696271774063e-29
-7.393848646088586e-29
3.696257101052789e-29
1.334443983007314e-32
1.1619476919846207e-28
-7.921885374810411e-29
4.2242938297746163e-29
-5.267022847388197e-30
-3.170889260296976e-29
-8.44992210353224e-29
4.7523305584964433e-29
-1.0547390134606467e-29
1.2675550377289863e-28
-8.977958832254065e-29
9.00007476128181e-31
-1.800014952256362e-30
2.7000224283845428e-30
-3.600029904512724e-30
4.500037380640905e-30
-5.4000448567690856e-30
6.300052332897266e-30
-7.200059809025447e-30
8.100067285153628e-30
-9.00007476128181e-30
3.6009396969539335e-29
-1.0800089713538171e-29
-1.4409217542462993e-29
-1.2600104665794532e-29
3.960942687405206e-29
-1.4400119618050895e-29
-1.080918763795027e-29
-1.6200134570307256e-29
4.3209456778564785e-29
-1.800014952256362e-29
-7.209157733437547e-30
-7.201879393907867e-29
4.680948668307751e-29
-2.1600179427076342e-29
-3.609127828924823e-30
2.8818435084925986e-29
5.040951658759023e-29
-2.5200209331589065e-29
-9.097924412099365e-33
-7.921885374810411e-29
5.400954649210295e-29
-2.880023923610179e-29
3.5909319801006244e-30
2.161837527590054e-29
5.760957639661568e-29
-3.240026914061451e-29
7.190961884613348e-30
-8.641891355712957e-29
6.12096063011284e-29
-4.799231304517944e-31
9.598462609035889e-31
-1.4397693913553833e-30
1.9196925218071777e-30
-2.3996156522589725e-30
2.8795387827107666e-30
-3.359461913162561e-30
3.8393850436143555e-30
-4.31930817406615e-30
4.799231304517945e-30
-1.92017766270659e-29
5.759077565421533e-30
7.683621496222836e-30
6.718923826325122e-30
-2.1121469148873082e-29
7.678770087228711e-30
5.763928974415658e-30
8.6386163481323e-30
-2.304116167068026e-29
9.59846260903589e-30
3.844236452608481e-30
3.84035532541318e-29
-2.4960854192487437e-29
1.1518155130843066e-29
1.9245439308013032e-30
-1.5367242992445672e-29
-2.6880546714294615e-29
1.3437847652650244e-29
4.8514089941255896e-33
4.2242938297746163e-29
-2.880023923610179e-29
1.5357540174457422e-29
-1.9148411128130523e-30
-1.1527857948831317e-29
-3.071993175790897e-29
1.72772326962646e-29
-3.8345336346202304e-30
4.608232334136052e-29
-3.2639624279716145e-29
5.983878477540788e-32
-1.1967756955081577e-31
1.7951635432622364e-31
-2.3935513910163154e-31
2.9919392387703943e-31
-3.590327086524473e-31
4.188714934278551e-31
-4.787102782032631e-31
5.385490629786709e-31
-5.983878477540789e-31
2.394156284592467e-30
-7.180654173048946e-31
-9.580254499826779e-31
-8.377429868557103e-31
2.6335114236940984e-30
-9.574205564065261e-31
-7.186703108810464e-31
-1.0770981259573418e-30
2.8728665627957302e-30
-1.1967756955081577e-30
-4.793151717794149e-31
-4.788312569184934e-30
3.1122217018973616e-30
-1.4361308346097891e-30
-2.3996003267778333e-31
1.9160508999653558e-30
3.351576840998993e-30
-1.6754859737114205e-30
-6.048935761518134e-34
-5.267022847388197e-30
3.5909319801006244e-30
-1.9148411128130523e-30
2.3875024552547974e-31
1.4373406217620928e-30
3.830287119202256e-30
-2.1541962519146837e-30
4.781053846271112e-31
-5.7457331255914604e-30
4.069642258303888e-30
3.6024556090097865e-31
-7.204911218019573e-31
1.0807366827029358e-30
-1.4409822436039146e-30
1.8012278045048935e-30
-2.1614733654058717e-30
2.5217189263068506e-30
-2.881964487207829e-30
3.242210048108808e-30
-3.602455609009787e-30
1.4413464057880967e-29
-4.3229467308117434e-30
-5.76757059625748e-30
-5.043437852613701e-30
1.585444630148488e-29
-5.763928974415658e-30
-4.326588352653565e-30
-6.484420096217615e-30
1.7295428545088798e-29
-7.204911218019574e-30
-2.885606109049651e-30
-2.8826928115761934e-29
1.8736410788692713e-29
-8.645893461623487e-30
-1.4446238654457365e-30
1.153514119251496e-29
2.0177393032296627e-29
-1.0086875705227402e-29
-3.641621841821962e-33
-3.170889260296976e-29
2.161837527590054e-29
-1.1527857948831317e-29
1.4373406217620928e-30
8.65317670530713e-30
2.3059357519504458e-29
-1.296884019243523e-29
2.8783228653660072e-30
-3.4590857090177597e-29
2.450033976310837e-29
9.599978674346553e-31
-1.9199957348693106e-30
2.8799936023039658e-30
-3.839991469738621e-30
4.799989337173277e-30
-5.7599872046079316e-30
6.719985072042587e-30
-7.679982939477243e-30
8.639980806911898e-30
-9.599978674346554e-30
3.8409619047922576e-29
-1.1519974409215863e-29
-1.536967022949085e-29
-1.3439970144085174e-29
4.22496105176612e-29
-1.5359965878954485e-29
-1.1529678759752229e-29
-1.7279961613823796e-29
4.608960198739982e-29
-1.9199957348693107e-29
-7.689687290013608e-30
-7.681923809584515e-29
4.992959345713844e-29
-2.3039948818431726e-29
-3.8496958202749864e-30
3.07393404589817e-29
5.376958492687706e-29
-2.687994028817035e-29
-9.704350536365065e-33
-8.44992210353224e-29
5.760957639661568e-29
-3.071993175790897e-29
3.830287119202256e-30
2.3059357519504458e-29
6.144956786635431e-29
-3.455992322764759e-29
7.670278588940878e-30
-9.217920397479964e-29
6.528955933609292e-29
-5.399135217582687e-31
1.0798270435165375e-30
-1.6197405652748063e-30
2.159654087033075e-30
-2.699567608791344e-30
3.2394811305496126e-30
-3.779394652307881e-30
4.31930817406615e-30
-4.859221695824419e-30
5.399135217582688e-30
-2.160199870544914e-29
6.478962261099225e-30
8.64407418325069e-30
7.558789304615763e-30
-2.3761652792482216e-29
8.6386163481323e-30
6.484420096217615e-30
9.718443391648839e-30
-2.5921306879515294e-29
1.0798270435165376e-29
4.3247660091845415e-30
4.320399741089828e-29
-2.808096096654837e-29
1.295792452219845e-29
2.1651119221514662e-30
-1.728814836650138e-29
-3.0240615053581443e-29
1.5117578609231525e-29
5.457835118391288e-33
4.7523305584964433e-29
-3.240026914061451e-29
1.72772326962646e-29
-2.1541962519146837e-30
-1.296884019243523e-29
-3.455992322764759e-29
1.9436886783297677e-29
-4.313850338947759e-30
5.184261375903059e-29
-3.6719577314680667e-29
1.198291760818822e-31
-2.396583521637644e-31
3.5948752824564655e-31
-4.793167043275288e-31
5.9914588040941095e-31
-7.189750564912931e-31
8.388042325731753e-31
-9.586334086550576e-31
1.0784625847369397e-30
-1.1982917608188219e-30
4.794378362975705e-30
-1.4379501129825862e-30
-1.9184781370105322e-30
-1.6776084651463505e-30
5.2736950673032336e-30
-1.9172668173101152e-30
-1.4391614326830036e-30
-2.1569251694738795e-30
5.753011771630762e-30
-2.3965835216376438e-30
-9.59844728355475e-31
-9.58875672595141e-30
6.2323284759582916e-30
-2.8759002259651724e-30
-4.805280240279463e-31
3.8369562740210645e-30
6.71164518028582e-30
-3.355216930292701e-30
-1.2113197004175121e-33
-1.0547390134606467e-29
7.190961884613348e-30
-3.8345336346202304e-30
4.781053846271112e-31
2.8783228653660072e-30
7.670278588940878e-30
-4.313850338947759e-30
9.5742208895464e-31
-1.1506023543261524e-29
8.149595293268405e-30
-1.4400726044175162e-30
2.8801452088350324e-30
-4.320217813252548e-30
5.760290417670065e-30
-7.200363022087581e-30
8.640435626505097e-30
-1.0080508230922612e-29
1.152058083534013e-29
-1.2960653439757647e-29
1.4400726044175161e-29
-5.761746146877925e-29
1.7280871253010193e-29
2.3055718962758862e-29
2.0161016461845225e-29
-6.337775188644932e-29
2.304116167068026e-29
1.7295428545088798e-29
2.5921306879515294e-29
-6.913804230411937e-29
2.8801452088350323e-29
1.1535138127418733e-29
1.152349229375585e-28
-7.489833272178944e-29
3.4561742506020386e-29
5.774847709748669e-30
-4.6111437925517723e-29
-8.065862313945951e-29
4.032203292369045e-29
1.4557292078604538e-32
1.2675550377289863e-28
-8.641891355712957e-29
4.608232334136052e-29
-5.7457331255914604e-30
-3.4590857090177597e-29
-9.217920397479964e-29
5.184261375903059e-29
-1.1506023543261524e-29
1.3827608460823875e-28
-9.79394943924697e-29
1.0199882587411295e-30
-2.039976517482259e-30
3.0599647762233884e-30
-4.079953034964518e-30
5.099941293705648e-30
-6.119929552446777e-30
7.139917811187907e-30
-8.159906069929036e-30
9.179894328670167e-30
-1.0199882587411296e-29
4.080984112630581e-29
-1.2239859104893554e-29
-1.6330122916518704e-29
-1.4279835622375815e-29
4.4889794161270327e-29
-1.6319812139858073e-29
-1.2250169881554185e-29
-1.8359788657340333e-29
4.896974719623485e-29
-2.0399765174822591e-29
-8.170216846589667e-30
-8.161968225261162e-29
5.304970023119937e-29
-2.4479718209787108e-29
-4.090263811625149e-30
3.2660245833037407e-29
5.712965326616389e-29
-2.855967124475163e-29
-1.0310776660630762e-32
-8.977958832254065e-29
6.12096063011284e-29
-3.2639624279716145e-29
4.069642258303888e-30
2.450033976310837e-29
6.528955933609292e-29
-3.6719577314680667e-29
8.149595293268405e-30
-9.79394943924697e-29
6.936951237105743e-29
