361
0.024471741852423214
0.04834090820338493
0.07101976096010307
0.09194987150091018
0.11061587104123714
0.12655814072350038
0.13938412895876284
0.14877801734965795
0.15450849718747373
0.15643446504023087
0.1545084971874737
0.14877801734965798
0.13938412895876287
0.12655814072350038
0.11061587104123716
0.09194987150091019
0.07101976096010308
0.04834090820338494
0.02447174185242323
0.04834090820338493
0.09549150281252627
0.14029077970429507
0.1816356320013402
0.2185080122244105
0.24999999999999997
0.27533615807315825
0.2938926261462365
0.3052124823898888
0.3090169943749474
0.3052124823898888
0.29389262614623657
0.2753361580731583
0.24999999999999997
0.21850801222441052
0.18163563200134025
0.1402907797042951
0.0954915028125263
0.048340908203384964
0.07101976096010307
0.14029077970429507
0.2061073738537634
0.26684892042779546
0.32101976096010304
0.3672860295740685
0.4045084971874736
0.43177062311338915
0.44840112333371024
0.45399049973954675
0.4484011233337102
0.4317706231133892
0.40450849718747367
0.3672860295740685
0.32101976096010304
0.2668489204277955
0.20610737385376346
0.14029077970429513
0.07101976096010312
0.09194987150091018
0.1816356320013402
0.26684892042779546
0.3454915028125263
0.4156269377774534
0.4755282581475768
0.5237204946142994
0.5590169943749475
0.5805486404630472
0.5877852522924731
0.5805486404630471
0.5590169943749475
0.5237204946142994
0.4755282581475768
0.41562693777745346
0.3454915028125264
0.2668489204277955
0.18163563200134028
0.09194987150091023
0.11061587104123714
0.2185080122244105
0.32101976096010304
0.4156269377774534
0.4999999999999999
0.5720614028176843
0.6300367553350504
0.6724985119639573
0.6984011233337103
0.7071067811865475
0.6984011233337102
0.6724985119639573
0.6300367553350504
0.5720614028176843
0.5
0.41562693777745346
0.3210197609601031
0.21850801222441057
0.11061587104123721
0.12655814072350038
0.24999999999999997
0.3672860295740685
0.4755282581475768
0.5720614028176843
0.6545084971874737
0.7208394201673423
0.7694208842938134
0.7990566526874577
0.8090169943749475
0.7990566526874576
0.7694208842938134
0.7208394201673423
0.6545084971874737
0.5720614028176844
0.4755282581475769
0.3672860295740686
0.25000000000000006
0.12655814072350047
0.13938412895876284
0.27533615807315825
0.4045084971874736
0.5237204946142994
0.6300367553350504
0.7208394201673423
0.7938926261462365
0.8473975608908425
0.8800367553350504
0.8910065241883678
0.8800367553350503
0.8473975608908426
0.7938926261462366
0.7208394201673423
0.6300367553350504
0.5237204946142995
0.4045084971874737
0.27533615807315837
0.13938412895876293
0.14877801734965795
0.2938926261462365
0.43177062311338915
0.5590169943749475
0.6724985119639573
0.7694208842938134
0.8473975608908425
0.9045084971874736
0.9393474323917528
0.9510565162951535
0.9393474323917527
0.9045084971874737
0.8473975608908426
0.7694208842938134
0.6724985119639574
0.5590169943749476
0.43177062311338926
0.2938926261462366
0.14877801734965806
0.15450849718747373
0.3052124823898888
0.44840112333371024
0.5805486404630472
0.6984011233337103
0.7990566526874577
0.8800367553350504
0.9393474323917528
0.9755282581475768
0.9876883405951378
0.9755282581475767
0.9393474323917529
0.8800367553350505
0.7990566526874577
0.6984011233337104
0.5805486404630473
0.44840112333371035
0.3052124823898889
0.15450849718747384
0.15643446504023087
0.3090169943749474
0.45399049973954675
0.5877852522924731
0.7071067811865475
0.8090169943749475
0.8910065241883678
0.9510565162951535
0.9876883405951378
1.0
0.9876883405951377
0.9510565162951536
0.8910065241883679
0.8090169943749475
0.7071067811865476
0.5877852522924732
0.45399049973954686
0.3090169943749475
0.15643446504023098
0.1545084971874737
0.3052124823898888
0.4484011233337102
0.5805486404630471
0.6984011233337102
0.7990566526874576
0.8800367553350503
0.9393474323917527
0.9755282581475767
0.9876883405951377
0.9755282581475766
0.9393474323917528
0.8800367553350504
0.7990566526874576
0.6984011233337103
0.5805486404630472
0.4484011233337103
0.3052124823898889
0.1545084971874738
0.14877801734965798
0.29389262614623657
0.4317706231133892
0.5590169943749475
0.6724985119639573
0.7694208842938134
0.8473975608908426
0.9045084971874737
0.9393474323917529
0.9510565162951536
0.9393474323917528
0.9045084971874738
0.8473975608908427
0.7694208842938134
0.6724985119639574
0.5590169943749476
0.4317706231133893
0.2938926261462367
0.14877801734965806
0.13938412895876287
0.2753361580731583
0.40450849718747367
0.5237204946142994
0.6300367553350504
0.7208394201673423
0.7938926261462366
0.8473975608908426
0.8800367553350505
0.8910065241883679
0.8800367553350504
0.8473975608908427
0.7938926261462367
0.7208394201673423
0.6300367553350505
0.5237204946142995
0.4045084971874738
0.2753361580731584
0.13938412895876295
0.12655814072350038
0.24999999999999997
0.3672860295740685
0.4755282581475768
0.5720614028176843
0.6545084971874737
0.7208394201673423
0.7694208842938134
0.7990566526874577
0.8090169943749475
0.7990566526874576
0.7694208842938134
0.7208394201673423
0.6545084971874737
0.5720614028176844
0.4755282581475769
0.3672860295740686
0.25000000000000006
0.12655814072350047
0.11061587104123716
0.21850801222441052
0.32101976096010304
0.41562693777745346
0.5
0.5720614028176844
0.6300367553350504
0.6724985119639574
0.6984011233337104
0.7071067811865476
0.6984011233337103
0.6724985119639574
0.6300367553350505
0.5720614028176844
0.5000000000000001
0.4156269377774535
0.32101976096010315
0.2185080122244106
0.11061587104123724
0.09194987150091019
0.18163563200134025
0.2668489204277955
0.3454915028125264
0.41562693777745346
0.4755282581475769
0.5237204946142995
0.5590169943749476
0.5805486404630473
0.5877852522924732
0.5805486404630472
0.5590169943749476
0.5237204946142995
0.4755282581475769
0.4156269377774535
0.34549150281252644
0.26684892042779557
0.1816356320013403
0.09194987150091025
0.07101976096010308
0.1402907797042951
0.20610737385376346
0.2668489204277955
0.3210197609601031
0.3672860295740686
0.4045084971874737
0.43177062311338926
0.44840112333371035
0.45399049973954686
0.4484011233337103
0.4317706231133893
0.4045084971874738
0.3672860295740686
0.32101976096010315
0.26684892042779557
0.2061073738537635
0.14029077970429515
0.07101976096010314
0.04834090820338494
0.0954915028125263
0.14029077970429513
0.18163563200134028
0.21850801222441057
0.25000000000000006
0.27533615807315837
0.2938926261462366
0.3052124823898889
0.3090169943749475
0.3052124823898889
0.2938926261462367
0.2753361580731584
0.25000000000000006
0.2185080122244106
0.1816356320013403
0.14029077970429515
0.09549150281252634
0.04834090820338498
0.02447174185242323
0.048340908203384964
0.07101976096010312
0.09194987150091023
0.11061587104123721
0.12655814072350047
0.13938412895876293
0.14877801734965806
0.15450849718747384
0.15643446504023098
0.1545084971874738
0.14877801734965806
0.13938412895876295
0.12655814072350047
0.11061587104123724
0.09194987150091025
0.07101976096010314
0.04834090820338498
0.02447174185242325
