1521
0.0061558297024311365
0.012273706667725688
0.018315912149992074
0.02424519394319492
0.030024996053392854
0.035619684078597266
0.04099476490671021
0.046117099377030644
0.050955106594199946
0.055478958634923636
0.059660764447037204
0.0634747418071174
0.06689737627646317
0.06990756617542954
0.07248675268229968
0.07461903425459218
0.07629126466735828
0.07749313406403023
0.07821723252011543
0.07845909572784494
0.07821723252011543
0.07749313406403023
0.07629126466735828
0.07461903425459218
0.07248675268229968
0.06990756617542955
0.06689737627646317
0.0634747418071174
0.0596607644470372
0.05547895863492364
0.05095510659419996
0.04611709937703065
0.040994764906710224
0.03561968407859727
0.030024996053392865
0.02424519394319493
0.018315912149992085
0.012273706667725696
0.006155829702431146
0.012273706667725688
0.024471741852423214
0.036518900610920606
0.04834090820338493
0.05986487802179219
0.07101976096010307
0.0817367834556279
0.09194987150091018
0.10159605801195429
0.11061587104123714
0.11895370044204105
0.12655814072350038
0.13338230798254694
0.13938412895876284
0.14452660043002172
0.14877801734965795
0.1521121683186224
0.15450849718747373
0.15595222979187517
0.15643446504023087
0.15595222979187517
0.1545084971874737
0.15211216831862243
0.14877801734965798
0.14452660043002172
0.13938412895876287
0.13338230798254697
0.12655814072350038
0.11895370044204104
0.11061587104123716
0.1015960580119543
0.09194987150091019
0.08173678345562792
0.07101976096010308
0.05986487802179221
0.04834090820338494
0.03651890061092063
0.02447174185242323
0.012273706667725707
0.018315912149992074
0.036518900610920606
0.05449673790581606
0.07213858468951787
0.08933567311009515
0.10598197739882281
0.121974867554303
0.13721574209055154
0.15161063594794735
0.16507079981907166
0.17751324731770032
0.18886126661747057
0.19904489340580003
0.2080013422371391
0.21567539362612112
0.22201973449405193
0.22699524986977337
0.23057126404646736
0.23272572970758912
0.2334453638559054
0.23272572970758912
0.23057126404646733
0.2269952498697734
0.22201973449405196
0.21567539362612112
0.20800134223713912
0.19904489340580006
0.18886126661747057
0.1775132473177003
0.16507079981907166
0.15161063594794738
0.13721574209055157
0.12197486755430302
0.10598197739882284
0.08933567311009517
0.07213858468951789
0.05449673790581609
0.036518900610920633
0.018315912149992106
0.02424519394319492
0.04834090820338493
0.07213858468951787
0.09549150281252627
0.11825568406654852
0.14029077970429507
0.16146093603374645
0.1816356320013402
0.20069048389766891
0.2185080122244105
0.23497836599450123
0.24999999999999997
0.2634803008720627
0.27533615807315825
0.2854944763011693
0.2938926261462365
0.30047883022189686
0.3052124823898888
0.3080643981104976
0.3090169943749474
0.3080643981104976
0.3052124823898888
0.3004788302218969
0.29389262614623657
0.2854944763011693
0.2753361580731583
0.26348030087206276
0.24999999999999997
0.2349783659945012
0.21850801222441052
0.20069048389766897
0.18163563200134025
0.16146093603374648
0.1402907797042951
0.11825568406654854
0.0954915028125263
0.0721385846895179
0.048340908203384964
0.024245193943194958
0.030024996053392854
0.05986487802179219
0.08933567311009515
0.11825568406654852
0.14644660940672624
0.17373464270147215
0.1999515441513323
0.22493567784086388
0.2485330082778034
0.27059805007309845
0.2909947649067103
0.30959740024909344
0.32629126466735825
0.340973434936093
0.3535533905932738
0.3639535720290143
0.372109858666352
0.37797196428592716
0.3815037470572471
0.3826834323650898
0.3815037470572471
0.3779719642859271
0.37210985866635204
0.36395357202901435
0.3535533905932738
0.340973434936093
0.3262912646673583
0.30959740024909344
0.2909947649067102
0.2705980500730985
0.24853300827780345
0.2249356778408639
0.19995154415133232
0.17373464270147218
0.1464466094067263
0.11825568406654856
0.0893356731100952
0.05986487802179223
0.030024996053392903
0.035619684078597266
0.07101976096010307
0.10598197739882281
0.14029077970429507
0.17373464270147215
0.2061073738537634
0.2372093845085895
0.26684892042779546
0.2948432440162934
0.32101976096010304
0.34521708432769066
0.3672860295740685
0.38709053431312357
0.4045084971874736
0.4194325306639379
0.43177062311338915
0.4414467060930445
0.44840112333371024
0.45259099854051926
0.45399049973954675
0.45259099854051926
0.4484011233337102
0.44144670609304454
0.4317706231133892
0.4194325306639379
0.40450849718747367
0.3870905343131236
0.3672860295740685
0.34521708432769066
0.32101976096010304
0.2948432440162934
0.2668489204277955
0.23720938450858955
0.20610737385376346
0.1737346427014722
0.14029077970429513
0.10598197739882287
0.07101976096010312
0.03561968407859732
0.04099476490671021
0.0817367834556279
0.121974867554303
0.16146093603374645
0.1999515441513323
0.2372093845085895
0.2730047501302265
0.30711695068401906
0.3393356731100951
0.3694622782708855
0.39731102562746134
0.42271021839172085
0.44550326209418384
0.4655496300409685
0.4827257297075891
0.49692566472796806
0.5080618877807473
0.5160657403476366
0.5208878760160099
0.5224985647159488
0.5208878760160099
0.5160657403476366
0.5080618877807475
0.4969256647279682
0.4827257297075891
0.46554963004096855
0.4455032620941839
0.42271021839172085
0.3973110256274613
0.36946227827088557
0.33933567311009516
0.3071169506840191
0.27300475013022657
0.23720938450858955
0.19995154415133234
0.1614609360337465
0.12197486755430308
0.08173678345562796
0.04099476490671028
0.046117099377030644
0.09194987150091018
0.13721574209055154
0.1816356320013402
0.22493567784086388
0.26684892042779546
0.30711695068401906
0.3454915028125263
0.3817359849386113
0.4156269377774534
0.44695541233491587
0.4755282581475768
0.5011693141195658
0.5237204946142994
0.5430427641049989
0.5590169943749475
0.5715446989825603
0.5805486404630472
0.5859733065230662
0.5877852522924731
0.5859733065230662
0.5805486404630471
0.5715446989825604
0.5590169943749475
0.5430427641049989
0.5237204946142994
0.5011693141195659
0.4755282581475768
0.4469554123349158
0.41562693777745346
0.38173598493861133
0.3454915028125264
0.3071169506840191
0.2668489204277955
0.22493567784086393
0.18163563200134028
0.13721574209055162
0.09194987150091023
0.046117099377030714
0.050955106594199946
0.10159605801195429
0.15161063594794735
0.20069048389766891
0.2485330082778034
0.2948432440162934
0.3393356731100951
0.3817359849386113
0.4217827674798846
0.45922911900264146
0.49384417029756894
0.5254145080627608
0.5537454906676922
0.578662448183596
0.6000117592816576
0.617661798359591
0.6315037470572471
0.6414522651579899
0.6474460167395103
0.6494480483301837
0.6474460167395103
0.6414522651579898
0.6315037470572471
0.617661798359591
0.6000117592816576
0.5786624481835961
0.5537454906676923
0.5254145080627608
0.4938441702975689
0.4592291190026416
0.42178276747988463
0.3817359849386114
0.33933567311009516
0.29484324401629347
0.24853300827780347
0.200690483897669
0.15161063594794744
0.10159605801195436
0.05095510659420003
0.055478958634923636
0.11061587104123714
0.16507079981907166
0.2185080122244105
0.27059805007309845
0.32101976096010304
0.3694622782708855
0.4156269377774534
0.45922911900264146
0.4999999999999999
0.5376882147304864
0.5720614028176843
0.6029076421267909
0.6300367553350504
0.6532814824381882
0.6724985119639573
0.6875693645350205
0.6984011233337103
0.7049270069651072
0.7071067811865475
0.7049270069651072
0.6984011233337102
0.6875693645350205
0.6724985119639573
0.6532814824381882
0.6300367553350504
0.602907642126791
0.5720614028176843
0.5376882147304864
0.5
0.4592291190026416
0.41562693777745346
0.36946227827088557
0.3210197609601031
0.27059805007309856
0.21850801222441057
0.16507079981907175
0.11061587104123721
0.05547895863492373
0.059660764447037204
0.11895370044204105
0.17751324731770032
0.23497836599450123
0.2909947649067103
0.34521708432769066
0.39731102562746134
0.44695541233491587
0.49384417029756894
0.5376882147304864
0.5782172325201156
0.6151813487945168
0.6483526674850426
0.6775266763813832
0.7025235080173503
0.7231890486136179
0.7393958882404206
0.751044106342138
0.7580618877807476
0.760405965600031
0.7580618877807476
0.751044106342138
0.7393958882404207
0.723189048613618
0.7025235080173503
0.6775266763813833
0.6483526674850427
0.6151813487945168
0.5782172325201155
0.5376882147304866
0.493844170297569
0.446955412334916
0.39731102562746146
0.34521708432769077
0.29099476490671033
0.2349783659945013
0.17751324731770043
0.11895370044204114
0.0596607644470373
0.0634747418071174
0.12655814072350038
0.18886126661747057
0.24999999999999997
0.30959740024909344
0.3672860295740685
0.42271021839172085
0.4755282581475768
0.5254145080627608
0.5720614028176843
0.6151813487945168
0.6545084971874737
0.6898003830491088
0.7208394201673423
0.7474342425568128
0.7694208842938134
0.7866637904207352
0.7990566526874577
0.8065230649770616
0.8090169943749475
0.8065230649770616
0.7990566526874576
0.7866637904207353
0.7694208842938134
0.7474342425568128
0.7208394201673423
0.689800383049109
0.6545084971874737
0.6151813487945167
0.5720614028176844
0.5254145080627609
0.4755282581475769
0.42271021839172096
0.3672860295740686
0.3095974002490935
0.25000000000000006
0.18886126661747069
0.12655814072350047
0.0634747418071175
0.06689737627646317
0.13338230798254694
0.19904489340580003
0.2634803008720627
0.32629126466735825
0.38709053431312357
0.44550326209418384
0.5011693141195658
0.5537454906676922
0.6029076421267909
0.6483526674850426
0.6898003830491088
0.7269952498697734
0.7597079492245383
0.7877367964438053
0.8109089843639301
0.8290816487408504
0.8421427490556589
0.8500117592816576
0.8526401643540922
0.8500117592816576
0.8421427490556588
0.8290816487408506
0.8109089843639301
0.7877367964438053
0.7597079492245384
0.7269952498697734
0.6898003830491088
0.6483526674850425
0.602907642126791
0.5537454906676923
0.5011693141195659
0.44550326209418395
0.3870905343131237
0.32629126466735836
0.2634803008720628
0.19904489340580014
0.13338230798254702
0.06689737627646328
0.06990756617542954
0.13938412895876284
0.2080013422371391
0.27533615807315825
0.340973434936093
0.4045084971874736
0.4655496300409685
0.5237204946142994
0.578662448183596
0.6300367553350504
0.6775266763813832
0.7208394201673423
0.7597079492245383
0.7938926261462365
0.8231826910316558
0.8473975608908425
0.8663879429988537
0.8800367553350504
0.8882598484326895
0.8910065241883678
0.8882598484326895
0.8800367553350503
0.8663879429988538
0.8473975608908426
0.8231826910316558
0.7938926261462366
0.7597079492245384
0.7208394201673423
0.6775266763813831
0.6300367553350504
0.5786624481835961
0.5237204946142995
0.4655496300409686
0.4045084971874737
0.34097343493609306
0.27533615807315837
0.2080013422371392
0.13938412895876293
0.06990756617542965
0.07248675268229968
0.14452660043002172
0.21567539362612112
0.2854944763011693
0.3535533905932738
0.4194325306639379
0.4827257297075891
0.5430427641049989
0.6000117592816576
0.6532814824381882
0.7025235080173503
0.7474342425568128
0.7877367964438053
0.8231826910316558
0.8535533905932737
0.8786616496665794
0.8983526674850425
0.9125050423758845
0.9210315202417607
0.9238795325112867
0.9210315202417607
0.9125050423758844
0.8983526674850426
0.8786616496665796
0.8535533905932737
0.8231826910316559
0.7877367964438055
0.7474342425568128
0.7025235080173502
0.6532814824381883
0.6000117592816577
0.543042764104999
0.4827257297075892
0.419432530663938
0.35355339059327384
0.2854944763011694
0.21567539362612123
0.14452660043002183
0.0724867526822998
0.07461903425459218
0.14877801734965795
0.22201973449405193
0.2938926261462365
0.3639535720290143
0.43177062311338915
0.49692566472796806
0.5590169943749475
0.617661798359591
0.6724985119639573
0.7231890486136179
0.7694208842938134
0.8109089843639301
0.8473975608908425
0.8786616496665794
0.9045084971874736
0.92477874904361
0.9393474323917528
0.9481247264544816
0.9510565162951535
0.9481247264544816
0.9393474323917527
0.9247787490436101
0.9045084971874737
0.8786616496665794
0.8473975608908426
0.8109089843639301
0.7694208842938134
0.7231890486136178
0.6724985119639574
0.6176617983595911
0.5590169943749476
0.4969256647279682
0.43177062311338926
0.3639535720290144
0.2938926261462366
0.22201973449405207
0.14877801734965806
0.07461903425459229
0.07629126466735828
0.1521121683186224
0.22699524986977337
0.30047883022189686
0.372109858666352
0.4414467060930445
0.5080618877807473
0.5715446989825603
0.6315037470572471
0.6875693645350205
0.7393958882404206
0.7866637904207352
0.8290816487408504
0.8663879429988537
0.8983526674850425
0.92477874904361
0.9455032620941839
0.9603984331222074
0.9693724284451456
0.9723699203976766
0.9693724284451456
0.9603984331222073
0.945503262094184
0.9247787490436101
0.8983526674850425
0.8663879429988538
0.8290816487408506
0.7866637904207352
0.7393958882404205
0.6875693645350206
0.6315037470572472
0.5715446989825604
0.5080618877807475
0.4414467060930446
0.3721098586663521
0.300478830221897
0.2269952498697735
0.1521121683186225
0.07629126466735839
0.07749313406403023
0.15450849718747373
0.23057126404646736
0.3052124823898888
0.37797196428592716
0.44840112333371024
0.5160657403476366
0.5805486404630472
0.6414522651579899
0.6984011233337103
0.751044106342138
0.7990566526874577
0.8421427490556589
0.8800367553350504
0.9125050423758845
0.9393474323917528
0.9603984331222074
0.9755282581475768
0.9846436270654023
0.9876883405951378
0.9846436270654023
0.9755282581475767
0.9603984331222075
0.9393474323917529
0.9125050423758845
0.8800367553350505
0.842142749055659
0.7990566526874577
0.7510441063421379
0.6984011233337104
0.64145226515799
0.5805486404630473
0.5160657403476367
0.44840112333371035
0.3779719642859273
0.3052124823898889
0.2305712640464675
0.15450849718747384
0.07749313406403036
0.07821723252011543
0.15595222979187517
0.23272572970758912
0.3080643981104976
0.3815037470572471
0.45259099854051926
0.5208878760160099
0.5859733065230662
0.6474460167395103
0.7049270069651072
0.7580618877807476
0.8065230649770616
0.8500117592816576
0.8882598484326895
0.9210315202417607
0.9481247264544816
0.9693724284451456
0.9846436270654023
0.9938441702975689
0.996917333733128
0.9938441702975689
0.9846436270654022
0.9693724284451457
0.9481247264544818
0.9210315202417607
0.8882598484326896
0.8500117592816577
0.8065230649770616
0.7580618877807475
0.7049270069651074
0.6474460167395104
0.5859733065230663
0.52088787601601
0.4525909985405194
0.3815037470572472
0.3080643981104977
0.23272572970758926
0.15595222979187529
0.07821723252011556
0.07845909572784494
0.15643446504023087
0.2334453638559054
0.3090169943749474
0.3826834323650898
0.45399049973954675
0.5224985647159488
0.5877852522924731
0.6494480483301837
0.7071067811865475
0.760405965600031
0.8090169943749475
0.8526401643540922
0.8910065241883678
0.9238795325112867
0.9510565162951535
0.9723699203976766
0.9876883405951378
0.996917333733128
1.0
0.996917333733128
0.9876883405951377
0.9723699203976767
0.9510565162951536
0.9238795325112867
0.8910065241883679
0.8526401643540923
0.8090169943749475
0.7604059656000309
0.7071067811865476
0.6494480483301838
0.5877852522924732
0.5224985647159489
0.45399049973954686
0.3826834323650899
0.3090169943749475
0.23344536385590553
0.15643446504023098
0.07845909572784507
0.07821723252011543
0.15595222979187517
0.23272572970758912
0.3080643981104976
0.3815037470572471
0.45259099854051926
0.5208878760160099
0.5859733065230662
0.6474460167395103
0.7049270069651072
0.7580618877807476
0.8065230649770616
0.8500117592816576
0.8882598484326895
0.9210315202417607
0.9481247264544816
0.9693724284451456
0.9846436270654023
0.9938441702975689
0.996917333733128
0.9938441702975689
0.9846436270654022
0.9693724284451457
0.9481247264544818
0.9210315202417607
0.8882598484326896
0.8500117592816577
0.8065230649770616
0.7580618877807475
0.7049270069651074
0.6474460167395104
0.5859733065230663
0.52088787601601
0.4525909985405194
0.3815037470572472
0.3080643981104977
0.23272572970758926
0.15595222979187529
0.07821723252011556
0.07749313406403023
0.1545084971874737
0.23057126404646733
0.3052124823898888
0.3779719642859271
0.4484011233337102
0.5160657403476366
0.5805486404630471
0.6414522651579898
0.6984011233337102
0.751044106342138
0.7990566526874576
0.8421427490556588
0.8800367553350503
0.9125050423758844
0.9393474323917527
0.9603984331222073
0.9755282581475767
0.9846436270654022
0.9876883405951377
0.9846436270654022
0.9755282581475766
0.9603984331222074
0.9393474323917528
0.9125050423758844
0.8800367553350504
0.8421427490556589
0.7990566526874576
0.7510441063421379
0.6984011233337103
0.6414522651579899
0.5805486404630472
0.5160657403476367
0.4484011233337103
0.3779719642859272
0.3052124823898889
0.23057126404646747
0.1545084971874738
0.07749313406403036
0.07629126466735828
0.15211216831862243
0.2269952498697734
0.3004788302218969
0.37210985866635204
0.44144670609304454
0.5080618877807475
0.5715446989825604
0.6315037470572471
0.6875693645350205
0.7393958882404207
0.7866637904207353
0.8290816487408506
0.8663879429988538
0.8983526674850426
0.9247787490436101
0.945503262094184
0.9603984331222075
0.9693724284451457
0.9723699203976767
0.9693724284451457
0.9603984331222074
0.945503262094184
0.9247787490436102
0.8983526674850426
0.8663879429988539
0.8290816487408507
0.7866637904207353
0.7393958882404206
0.6875693645350206
0.6315037470572472
0.5715446989825606
0.5080618877807476
0.44144670609304465
0.37210985866635216
0.30047883022189703
0.2269952498697735
0.15211216831862254
0.0762912646673584
0.07461903425459218
0.14877801734965798
0.22201973449405196
0.29389262614623657
0.36395357202901435
0.4317706231133892
0.4969256647279682
0.5590169943749475
0.617661798359591
0.6724985119639573
0.723189048613618
0.7694208842938134
0.8109089843639301
0.8473975608908426
0.8786616496665796
0.9045084971874737
0.9247787490436101
0.9393474323917529
0.9481247264544818
0.9510565162951536
0.9481247264544818
0.9393474323917528
0.9247787490436102
0.9045084971874738
0.8786616496665796
0.8473975608908427
0.8109089843639302
0.7694208842938134
0.7231890486136179
0.6724985119639574
0.6176617983595911
0.5590169943749476
0.49692566472796823
0.4317706231133893
0.36395357202901446
0.2938926261462367
0.2220197344940521
0.14877801734965806
0.0746190342545923
0.07248675268229968
0.14452660043002172
0.21567539362612112
0.2854944763011693
0.3535533905932738
0.4194325306639379
0.4827257297075891
0.5430427641049989
0.6000117592816576
0.6532814824381882
0.7025235080173503
0.7474342425568128
0.7877367964438053
0.8231826910316558
0.8535533905932737
0.8786616496665794
0.8983526674850425
0.9125050423758845
0.9210315202417607
0.9238795325112867
0.9210315202417607
0.9125050423758844
0.8983526674850426
0.8786616496665796
0.8535533905932737
0.8231826910316559
0.7877367964438055
0.7474342425568128
0.7025235080173502
0.6532814824381883
0.6000117592816577
0.543042764104999
0.4827257297075892
0.419432530663938
0.35355339059327384
0.2854944763011694
0.21567539362612123
0.14452660043002183
0.0724867526822998
0.06990756617542955
0.13938412895876287
0.20800134223713912
0.2753361580731583
0.340973434936093
0.40450849718747367
0.46554963004096855
0.5237204946142994
0.5786624481835961
0.6300367553350504
0.6775266763813833
0.7208394201673423
0.7597079492245384
0.7938926261462366
0.8231826910316559
0.8473975608908426
0.8663879429988538
0.8800367553350505
0.8882598484326896
0.8910065241883679
0.8882598484326896
0.8800367553350504
0.8663879429988539
0.8473975608908427
0.8231826910316559
0.7938926261462367
0.7597079492245385
0.7208394201673423
0.6775266763813832
0.6300367553350505
0.5786624481835962
0.5237204946142995
0.46554963004096866
0.4045084971874738
0.3409734349360931
0.2753361580731584
0.20800134223713923
0.13938412895876295
0.06990756617542966
0.06689737627646317
0.13338230798254697
0.19904489340580006
0.26348030087206276
0.3262912646673583
0.3870905343131236
0.4455032620941839
0.5011693141195659
0.5537454906676923
0.602907642126791
0.6483526674850427
0.689800383049109
0.7269952498697734
0.7597079492245384
0.7877367964438055
0.8109089843639301
0.8290816487408506
0.842142749055659
0.8500117592816577
0.8526401643540923
0.8500117592816577
0.8421427490556589
0.8290816487408507
0.8109089843639302
0.7877367964438055
0.7597079492245385
0.7269952498697735
0.689800383049109
0.6483526674850426
0.602907642126791
0.5537454906676924
0.501169314119566
0.445503262094184
0.38709053431312374
0.3262912646673584
0.26348030087206287
0.19904489340580017
0.13338230798254705
0.06689737627646328
0.0634747418071174
0.12655814072350038
0.18886126661747057
0.24999999999999997
0.30959740024909344
0.3672860295740685
0.42271021839172085
0.4755282581475768
0.5254145080627608
0.5720614028176843
0.6151813487945168
0.6545084971874737
0.6898003830491088
0.7208394201673423
0.7474342425568128
0.7694208842938134
0.7866637904207352
0.7990566526874577
0.8065230649770616
0.8090169943749475
0.8065230649770616
0.7990566526874576
0.7866637904207353
0.7694208842938134
0.7474342425568128
0.7208394201673423
0.689800383049109
0.6545084971874737
0.6151813487945167
0.5720614028176844
0.5254145080627609
0.4755282581475769
0.42271021839172096
0.3672860295740686
0.3095974002490935
0.25000000000000006
0.18886126661747069
0.12655814072350047
0.0634747418071175
0.0596607644470372
0.11895370044204104
0.1775132473177003
0.2349783659945012
0.2909947649067102
0.34521708432769066
0.3973110256274613
0.4469554123349158
0.4938441702975689
0.5376882147304864
0.5782172325201155
0.6151813487945167
0.6483526674850425
0.6775266763813831
0.7025235080173502
0.7231890486136178
0.7393958882404205
0.7510441063421379
0.7580618877807475
0.7604059656000309
0.7580618877807475
0.7510441063421379
0.7393958882404206
0.7231890486136179
0.7025235080173502
0.6775266763813832
0.6483526674850426
0.6151813487945167
0.5782172325201155
0.5376882147304864
0.49384417029756894
0.4469554123349159
0.3973110256274614
0.3452170843276907
0.29099476490671033
0.23497836599450128
0.1775132473177004
0.11895370044204112
0.059660764447037294
0.05547895863492364
0.11061587104123716
0.16507079981907166
0.21850801222441052
0.2705980500730985
0.32101976096010304
0.36946227827088557
0.41562693777745346
0.4592291190026416
0.5
0.5376882147304866
0.5720614028176844
0.602907642126791
0.6300367553350504
0.6532814824381883
0.6724985119639574
0.6875693645350206
0.6984011233337104
0.7049270069651074
0.7071067811865476
0.7049270069651074
0.6984011233337103
0.6875693645350206
0.6724985119639574
0.6532814824381883
0.6300367553350505
0.602907642126791
0.5720614028176844
0.5376882147304864
0.5000000000000001
0.45922911900264163
0.4156269377774535
0.3694622782708856
0.32101976096010315
0.2705980500730986
0.2185080122244106
0.16507079981907177
0.11061587104123724
0.055478958634923733
0.05095510659419996
0.1015960580119543
0.15161063594794738
0.20069048389766897
0.24853300827780345
0.2948432440162934
0.33933567311009516
0.38173598493861133
0.42178276747988463
0.4592291190026416
0.493844170297569
0.5254145080627609
0.5537454906676923
0.5786624481835961
0.6000117592816577
0.6176617983595911
0.6315037470572472
0.64145226515799
0.6474460167395104
0.6494480483301838
0.6474460167395104
0.6414522651579899
0.6315037470572472
0.6176617983595911
0.6000117592816577
0.5786624481835962
0.5537454906676924
0.5254145080627609
0.49384417029756894
0.45922911900264163
0.4217827674798847
0.38173598493861144
0.3393356731100952
0.2948432440162935
0.2485330082778035
0.20069048389766903
0.15161063594794746
0.10159605801195437
0.050955106594200036
0.04611709937703065
0.09194987150091019
0.13721574209055157
0.18163563200134025
0.2249356778408639
0.2668489204277955
0.3071169506840191
0.3454915028125264
0.3817359849386114
0.41562693777745346
0.446955412334916
0.4755282581475769
0.5011693141195659
0.5237204946142995
0.543042764104999
0.5590169943749476
0.5715446989825604
0.5805486404630473
0.5859733065230663
0.5877852522924732
0.5859733065230663
0.5805486404630472
0.5715446989825606
0.5590169943749476
0.543042764104999
0.5237204946142995
0.501169314119566
0.4755282581475769
0.4469554123349159
0.4156269377774535
0.38173598493861144
0.34549150281252644
0.3071169506840192
0.26684892042779557
0.224935677840864
0.1816356320013403
0.13721574209055165
0.09194987150091025
0.04611709937703072
0.040994764906710224
0.08173678345562792
0.12197486755430302
0.16146093603374648
0.19995154415133232
0.23720938450858955
0.27300475013022657
0.3071169506840191
0.33933567311009516
0.36946227827088557
0.39731102562746146
0.42271021839172096
0.44550326209418395
0.4655496300409686
0.4827257297075892
0.4969256647279682
0.5080618877807475
0.5160657403476367
0.52088787601601
0.5224985647159489
0.52088787601601
0.5160657403476367
0.5080618877807476
0.49692566472796823
0.4827257297075892
0.46554963004096866
0.445503262094184
0.42271021839172096
0.3973110256274614
0.3694622782708856
0.3393356731100952
0.3071169506840192
0.2730047501302266
0.2372093845085896
0.19995154415133237
0.16146093603374653
0.12197486755430309
0.08173678345562797
0.040994764906710286
0.03561968407859727
0.07101976096010308
0.10598197739882284
0.1402907797042951
0.17373464270147218
0.20610737385376346
0.23720938450858955
0.2668489204277955
0.29484324401629347
0.3210197609601031
0.34521708432769077
0.3672860295740686
0.3870905343131237
0.4045084971874737
0.419432530663938
0.43177062311338926
0.4414467060930446
0.44840112333371035
0.4525909985405194
0.45399049973954686
0.4525909985405194
0.4484011233337103
0.44144670609304465
0.4317706231133893
0.419432530663938
0.4045084971874738
0.38709053431312374
0.3672860295740686
0.3452170843276907
0.32101976096010315
0.2948432440162935
0.26684892042779557
0.2372093845085896
0.2061073738537635
0.17373464270147224
0.14029077970429515
0.1059819773988229
0.07101976096010314
0.03561968407859733
0.030024996053392865
0.05986487802179221
0.08933567311009517
0.11825568406654854
0.1464466094067263
0.1737346427014722
0.19995154415133234
0.22493567784086393
0.24853300827780347
0.27059805007309856
0.29099476490671033
0.3095974002490935
0.32629126466735836
0.34097343493609306
0.35355339059327384
0.3639535720290144
0.3721098586663521
0.3779719642859273
0.3815037470572472
0.3826834323650899
0.3815037470572472
0.3779719642859272
0.37210985866635216
0.36395357202901446
0.35355339059327384
0.3409734349360931
0.3262912646673584
0.3095974002490935
0.29099476490671033
0.2705980500730986
0.2485330082778035
0.224935677840864
0.19995154415133237
0.17373464270147224
0.14644660940672632
0.11825568406654859
0.08933567311009523
0.05986487802179225
0.030024996053392913
0.02424519394319493
0.04834090820338494
0.07213858468951789
0.0954915028125263
0.11825568406654856
0.14029077970429513
0.1614609360337465
0.18163563200134028
0.200690483897669
0.21850801222441057
0.2349783659945013
0.25000000000000006
0.2634803008720628
0.27533615807315837
0.2854944763011694
0.2938926261462366
0.300478830221897
0.3052124823898889
0.3080643981104977
0.3090169943749475
0.3080643981104977
0.3052124823898889
0.30047883022189703
0.2938926261462367
0.2854944763011694
0.2753361580731584
0.26348030087206287
0.25000000000000006
0.23497836599450128
0.2185080122244106
0.20069048389766903
0.1816356320013403
0.16146093603374653
0.14029077970429515
0.11825568406654859
0.09549150281252634
0.07213858468951793
0.04834090820338498
0.024245193943194968
0.018315912149992085
0.03651890061092063
0.05449673790581609
0.0721385846895179
0.0893356731100952
0.10598197739882287
0.12197486755430308
0.13721574209055162
0.15161063594794744
0.16507079981907175
0.17751324731770043
0.18886126661747069
0.19904489340580014
0.2080013422371392
0.21567539362612123
0.22201973449405207
0.2269952498697735
0.2305712640464675
0.23272572970758926
0.23344536385590553
0.23272572970758926
0.23057126404646747
0.2269952498697735
0.2220197344940521
0.21567539362612123
0.20800134223713923
0.19904489340580017
0.18886126661747069
0.1775132473177004
0.16507079981907177
0.15161063594794746
0.13721574209055165
0.12197486755430309
0.1059819773988229
0.08933567311009523
0.07213858468951793
0.05449673790581613
0.036518900610920654
0.018315912149992116
0.012273706667725696
0.02447174185242323
0.036518900610920633
0.048340908203384964
0.05986487802179223
0.07101976096010312
0.08173678345562796
0.09194987150091023
0.10159605801195436
0.11061587104123721
0.11895370044204114
0.12655814072350047
0.13338230798254702
0.13938412895876293
0.14452660043002183
0.14877801734965806
0.1521121683186225
0.15450849718747384
0.15595222979187529
0.15643446504023098
0.15595222979187529
0.1545084971874738
0.15211216831862254
0.14877801734965806
0.14452660043002183
0.13938412895876295
0.13338230798254705
0.12655814072350047
0.11895370044204112
0.11061587104123724
0.10159605801195437
0.09194987150091025
0.08173678345562797
0.07101976096010314
0.05986487802179225
0.04834090820338498
0.036518900610920654
0.02447174185242325
0.012273706667725716
0.006155829702431146
0.012273706667725707
0.018315912149992106
0.024245193943194958
0.030024996053392903
0.03561968407859732
0.04099476490671028
0.046117099377030714
0.05095510659420003
0.05547895863492373
0.0596607644470373
0.0634747418071175
0.06689737627646328
0.06990756617542965
0.0724867526822998
0.07461903425459229
0.07629126466735839
0.07749313406403036
0.07821723252011556
0.07845909572784507
0.07821723252011556
0.07749313406403036
0.0762912646673584
0.0746190342545923
0.0724867526822998
0.06990756617542966
0.06689737627646328
0.0634747418071175
0.059660764447037294
0.055478958634923733
0.050955106594200036
0.04611709937703072
0.040994764906710286
0.03561968407859733
0.030024996053392913
0.024245193943194968
0.018315912149992116
0.012273706667725716
0.0061558297024311565
