81
0.09549150281252627
0.1816356320013402
0.24999999999999997
0.2938926261462365
0.3090169943749474
0.29389262614623657
0.24999999999999997
0.18163563200134025
0.0954915028125263
0.1816356320013402
0.3454915028125263
0.4755282581475768
0.5590169943749475
0.5877852522924731
0.5590169943749475
0.4755282581475768
0.3454915028125264
0.18163563200134028
0.24999999999999997
0.4755282581475768
0.6545084971874737
0.7694208842938134
0.8090169943749475
0.7694208842938134
0.6545084971874737
0.4755282581475769
0.25000000000000006
0.2938926261462365
0.5590169943749475
0.7694208842938134
0.9045084971874736
0.9510565162951535
0.9045084971874737
0.7694208842938134
0.5590169943749476
0.2938926261462366
0.3090169943749474
0.5877852522924731
0.8090169943749475
0.9510565162951535
1.0
0.9510565162951536
0.8090169943749475
0.5877852522924732
0.3090169943749475
0.29389262614623657
0.5590169943749475
0.7694208842938134
0.9045084971874737
0.9510565162951536
0.9045084971874738
0.7694208842938134
0.5590169943749476
0.2938926261462367
0.24999999999999997
0.4755282581475768
0.6545084971874737
0.7694208842938134
0.8090169943749475
0.7694208842938134
0.6545084971874737
0.4755282581475769
0.25000000000000006
0.18163563200134025
0.3454915028125264
0.4755282581475769
0.5590169943749476
0.5877852522924732
0.5590169943749476
0.4755282581475769
0.34549150281252644
0.1816356320013403
0.0954915028125263
0.18163563200134028
0.25000000000000006
0.2938926261462366
0.3090169943749475
0.2938926261462367
0.25000000000000006
0.1816356320013403
0.09549150281252634
