1521
5.99903913064743e-32
-1.199807826129486e-31
1.7997117391942291e-31
-2.399615652258972e-31
2.9995195653237157e-31
-3.5994234783884583e-31
4.199327391453201e-31
-4.799231304517944e-31
5.399135217582687e-31
-5.999039130647431e-31
2.4002220783832376e-30
-7.1988469567769165e-31
-9.604526870278545e-31
-8.398654782906403e-31
2.6401836436091352e-30
-9.598462609035889e-31
-7.204911218019573e-31
-1.0798270435165375e-30
2.8801452088350324e-30
-1.1998078261294863e-30
-4.805295565760602e-31
-4.800444156766475e-30
3.1201067740609296e-30
-1.4397693913553833e-30
-2.405679913501629e-31
1.920905374055709e-30
3.360068339286827e-30
-1.6797309565812805e-30
-6.064261242656987e-34
-5.2803672872182704e-30
3.600029904512724e-30
-1.9196925218071777e-30
2.3935513910163154e-31
1.4409822436039146e-30
3.839991469738621e-30
-2.159654087033075e-30
4.793167043275288e-31
-5.760290417670065e-30
4.079953034964518e-30
-1.199807826129486e-31
2.399615652258972e-31
-3.5994234783884583e-31
4.799231304517944e-31
-5.999039130647431e-31
7.1988469567769165e-31
-8.398654782906403e-31
9.598462609035889e-31
-1.0798270435165375e-30
1.1998078261294863e-30
-4.800444156766475e-30
1.4397693913553833e-30
1.920905374055709e-30
1.6797309565812805e-30
-5.2803672872182704e-30
1.9196925218071777e-30
1.4409822436039146e-30
2.159654087033075e-30
-5.760290417670065e-30
2.3996156522589725e-30
9.610591131521203e-31
9.60088831353295e-30
-6.240213548121859e-30
2.8795387827107666e-30
4.811359827003258e-31
-3.841810748111418e-30
-6.720136678573654e-30
3.359461913162561e-30
1.2128522485313974e-33
1.0560734574436541e-29
-7.200059809025447e-30
3.8393850436143555e-30
-4.787102782032631e-31
-2.881964487207829e-30
-7.679982939477243e-30
4.31930817406615e-30
-9.586334086550576e-31
1.152058083534013e-29
-8.159906069929036e-30
1.7997117391942291e-31
-3.5994234783884583e-31
5.3991352175826865e-31
-7.1988469567769165e-31
8.998558695971147e-31
-1.0798270435165373e-30
1.2597982174359603e-30
-1.4397693913553833e-30
1.6197405652748063e-30
-1.7997117391942293e-30
7.200666235149713e-30
-2.1596540870330746e-30
-2.8813580610835633e-30
-2.5195964348719206e-30
7.920550930827405e-30
-2.8795387827107666e-30
-2.1614733654058717e-30
-3.2394811305496126e-30
8.640435626505097e-30
-3.5994234783884586e-30
-1.4415886697281804e-30
-1.4401332470299425e-29
9.360320322182789e-30
-4.319308174066149e-30
-7.217039740504887e-31
5.762716122167127e-30
1.008020501786048e-29
-5.039192869743841e-30
-1.819278372797096e-33
-1.584110186165481e-29
1.0800089713538171e-29
-5.759077565421533e-30
7.180654173048946e-31
4.3229467308117434e-30
1.1519974409215863e-29
-6.478962261099225e-30
1.4379501129825862e-30
-1.7280871253010193e-29
1.2239859104893554e-29
-2.399615652258972e-31
4.799231304517944e-31
-7.1988469567769165e-31
9.598462609035889e-31
-1.1998078261294863e-30
1.4397693913553833e-30
-1.6797309565812805e-30
1.9196925218071777e-30
-2.159654087033075e-30
2.3996156522589725e-30
-9.60088831353295e-30
2.8795387827107666e-30
3.841810748111418e-30
3.359461913162561e-30
-1.0560734574436541e-29
3.8393850436143555e-30
2.881964487207829e-30
4.31930817406615e-30
-1.152058083534013e-29
4.799231304517945e-30
1.9221182263042406e-30
1.92017766270659e-29
-1.2480427096243719e-29
5.759077565421533e-30
9.622719654006516e-31
-7.683621496222836e-30
-1.3440273357147307e-29
6.718923826325122e-30
2.4257044970627948e-33
2.1121469148873082e-29
-1.4400119618050895e-29
7.678770087228711e-30
-9.574205564065261e-31
-5.763928974415658e-30
-1.5359965878954485e-29
8.6386163481323e-30
-1.9172668173101152e-30
2.304116167068026e-29
-1.6319812139858073e-29
2.9995195653237157e-31
-5.999039130647431e-31
8.998558695971147e-31
-1.1998078261294863e-30
1.4997597826618579e-30
-1.7997117391942293e-30
2.0996636957266007e-30
-2.3996156522589725e-30
2.699567608791344e-30
-2.9995195653237157e-30
1.200111039191619e-29
-3.5994234783884586e-30
-4.802263435139273e-30
-4.1993273914532015e-30
1.3200918218045677e-29
-4.799231304517945e-30
-3.602455609009787e-30
-5.399135217582688e-30
1.4400726044175161e-29
-5.9990391306474315e-30
-2.402647782880301e-30
-2.400222078383238e-29
1.5600533870304649e-29
-7.198846956776917e-30
-1.2028399567508146e-30
9.604526870278545e-30
1.6800341696434136e-29
-8.398654782906403e-30
-3.0321306213284933e-33
-2.6401836436091354e-29
1.800014952256362e-29
-9.59846260903589e-30
1.1967756955081577e-30
7.204911218019574e-30
1.9199957348693107e-29
-1.0798270435165376e-29
2.3965835216376438e-30
-2.8801452088350323e-29
2.0399765174822591e-29
-3.5994234783884583e-31
7.1988469567769165e-31
-1.0798270435165373e-30
1.4397693913553833e-30
-1.7997117391942293e-30
2.1596540870330746e-30
-2.5195964348719206e-30
2.8795387827107666e-30
-3.2394811305496126e-30
3.5994234783884586e-30
-1.4401332470299425e-29
4.319308174066149e-30
5.762716122167127e-30
5.039192869743841e-30
-1.584110186165481e-29
5.759077565421533e-30
4.3229467308117434e-30
6.478962261099225e-30
-1.7280871253010193e-29
7.198846956776917e-30
2.8831773394563608e-30
2.880266494059885e-29
-1.8720640644365577e-29
8.638616348132298e-30
1.4434079481009775e-30
-1.1525432244334253e-29
-2.016041003572096e-29
1.0078385739487682e-29
3.638556745594192e-33
3.168220372330962e-29
-2.1600179427076342e-29
1.1518155130843066e-29
-1.4361308346097891e-30
-8.645893461623487e-30
-2.3039948818431726e-29
1.295792452219845e-29
-2.8759002259651724e-30
3.4561742506020386e-29
-2.4479718209787108e-29
4.199327391453201e-31
-8.398654782906403e-31
1.2597982174359603e-30
-1.6797309565812805e-30
2.0996636957266007e-30
-2.5195964348719206e-30
2.9395291740172408e-30
-3.359461913162561e-30
3.779394652307881e-30
-4.1993273914532015e-30
1.6801554548682663e-29
-5.039192869743841e-30
-6.72316880919498e-30
-5.8790583480344816e-30
1.8481285505263944e-29
-6.718923826325122e-30
-5.043437852613701e-30
-7.558789304615763e-30
2.0161016461845225e-29
-8.398654782906403e-30
-3.363706896032421e-30
-3.3603109097365326e-29
2.1840747418426506e-29
-1.0078385739487682e-29
-1.6839759394511405e-30
1.344633761838996e-29
2.3520478375007787e-29
-1.1758116696068963e-29
-4.2449828698598904e-33
-3.696257101052789e-29
2.5200209331589065e-29
-1.3437847652650244e-29
1.6754859737114205e-30
1.0086875705227402e-29
2.687994028817035e-29
-1.5117578609231525e-29
3.355216930292701e-30
-4.032203292369045e-29
2.855967124475163e-29
-4.799231304517944e-31
9.598462609035889e-31
-1.4397693913553833e-30
1.9196925218071777e-30
-2.3996156522589725e-30
2.8795387827107666e-30
-3.359461913162561e-30
3.8393850436143555e-30
-4.31930817406615e-30
4.799231304517945e-30
-1.92017766270659e-29
5.759077565421533e-30
7.683621496222836e-30
6.718923826325122e-30
-2.1121469148873082e-29
7.678770087228711e-30
5.763928974415658e-30
8.6386163481323e-30
-2.304116167068026e-29
9.59846260903589e-30
3.844236452608481e-30
3.84035532541318e-29
-2.4960854192487437e-29
1.1518155130843066e-29
1.9245439308013032e-30
-1.5367242992445672e-29
-2.6880546714294615e-29
1.3437847652650244e-29
4.8514089941255896e-33
4.2242938297746163e-29
-2.880023923610179e-29
1.5357540174457422e-29
-1.9148411128130523e-30
-1.1527857948831317e-29
-3.071993175790897e-29
1.72772326962646e-29
-3.8345336346202304e-30
4.608232334136052e-29
-3.2639624279716145e-29
5.399135217582687e-31
-1.0798270435165375e-30
1.6197405652748063e-30
-2.159654087033075e-30
2.699567608791344e-30
-3.2394811305496126e-30
3.779394652307881e-30
-4.31930817406615e-30
4.859221695824419e-30
-5.399135217582688e-30
2.160199870544914e-29
-6.478962261099225e-30
-8.64407418325069e-30
-7.558789304615763e-30
2.3761652792482216e-29
-8.6386163481323e-30
-6.484420096217615e-30
-9.718443391648839e-30
2.5921306879515294e-29
-1.0798270435165376e-29
-4.3247660091845415e-30
-4.320399741089828e-29
2.808096096654837e-29
-1.295792452219845e-29
-2.1651119221514662e-30
1.728814836650138e-29
3.0240615053581443e-29
-1.5117578609231525e-29
-5.457835118391288e-33
-4.7523305584964433e-29
3.240026914061451e-29
-1.72772326962646e-29
2.1541962519146837e-30
1.296884019243523e-29
3.455992322764759e-29
-1.9436886783297677e-29
4.313850338947759e-30
-5.184261375903059e-29
3.6719577314680667e-29
-5.999039130647431e-31
1.1998078261294863e-30
-1.7997117391942293e-30
2.3996156522589725e-30
-2.9995195653237157e-30
3.5994234783884586e-30
-4.1993273914532015e-30
4.799231304517945e-30
-5.399135217582688e-30
5.9990391306474315e-30
-2.400222078383238e-29
7.198846956776917e-30
9.604526870278545e-30
8.398654782906403e-30
-2.6401836436091354e-29
9.59846260903589e-30
7.204911218019574e-30
1.0798270435165376e-29
-2.8801452088350323e-29
1.1998078261294863e-29
4.805295565760602e-30
4.800444156766476e-29
-3.1201067740609297e-29
1.4397693913553834e-29
2.4056799135016293e-30
-1.920905374055709e-29
-3.360068339286827e-29
1.6797309565812806e-29
6.064261242656987e-33
5.280367287218271e-29
-3.600029904512724e-29
1.919692521807178e-29
-2.3935513910163154e-30
-1.4409822436039148e-29
-3.8399914697386214e-29
2.1596540870330752e-29
-4.7931670432752876e-30
5.760290417670065e-29
-4.0799530349645183e-29
2.4002220783832376e-30
-4.800444156766475e-30
7.200666235149713e-30
-9.60088831353295e-30
1.200111039191619e-29
-1.4401332470299425e-29
1.6801554548682663e-29
-1.92017766270659e-29
2.160199870544914e-29
-2.400222078383238e-29
9.603314631049258e-29
-2.880266494059885e-29
-3.8427816429294886e-29
-3.3603109097365326e-29
1.0563403462402553e-28
-3.84035532541318e-29
-2.8826928115761934e-29
-4.320399741089828e-29
1.152349229375585e-28
-4.800444156766476e-29
-1.9226039802228985e-29
-1.9206629262098516e-28
1.2483581125109144e-28
-5.76053298811977e-29
-9.625151488696034e-30
7.685563285858977e-29
1.344366995646244e-28
-6.720621819473065e-29
-2.4263175163083486e-32
-2.1126806924805107e-28
1.4403758787815734e-28
-7.68071065082636e-29
9.576625138369868e-30
5.765385623152387e-29
1.536384761916903e-28
-8.640799482179656e-29
1.917751345190282e-29
-2.30469845875117e-28
1.6323936450522324e-28
-7.1988469567769165e-31
1.4397693913553833e-30
-2.1596540870330746e-30
2.8795387827107666e-30
-3.5994234783884586e-30
4.319308174066149e-30
-5.039192869743841e-30
5.759077565421533e-30
-6.478962261099225e-30
7.198846956776917e-30
-2.880266494059885e-29
8.638616348132298e-30
1.1525432244334253e-29
1.0078385739487682e-29
-3.168220372330962e-29
1.1518155130843066e-29
8.645893461623487e-30
1.295792452219845e-29
-3.4561742506020386e-29
1.4397693913553834e-29
5.7663546789127216e-30
5.76053298811977e-29
-3.7441281288731154e-29
1.7277232696264597e-29
2.886815896201955e-30
-2.3050864488668507e-29
-4.032082007144192e-29
2.0156771478975365e-29
7.277113491188384e-33
6.336440744661924e-29
-4.3200358854152685e-29
2.3036310261686133e-29
-2.8722616692195782e-30
-1.7291786923246974e-29
-4.607989763686345e-29
2.59158490443969e-29
-5.751800451930345e-30
6.912348501204077e-29
-4.8959436419574215e-29
-9.604526870278545e-31
1.920905374055709e-30
-2.8813580610835633e-30
3.841810748111418e-30
-4.802263435139273e-30
5.762716122167127e-30
-6.72316880919498e-30
7.683621496222836e-30
-8.64407418325069e-30
9.604526870278545e-30
-3.8427816429294886e-29
1.1525432244334253e-29
1.5376951940626376e-29
1.344633761838996e-29
-4.22696271774063e-29
1.5367242992445672e-29
1.153514119251496e-29
1.728814836650138e-29
-4.6111437925517723e-29
1.920905374055709e-29
7.693330444403543e-30
7.685563285858977e-29
-4.995324867362914e-29
2.3050864488668507e-29
3.8515196962921245e-30
-3.0753903881252753e-29
-5.379505942174056e-29
2.689267523677992e-29
9.708948180706718e-33
8.45392543548126e-29
-5.763687016985197e-29
3.0734485984891344e-29
-3.8321017999307116e-30
-2.307028238502992e-29
-6.14786809179634e-29
3.457629673300276e-29
-7.673912548042129e-30
9.222287585103545e-29
-6.532049166607481e-29
-8.398654782906403e-31
1.6797309565812805e-30
-2.5195964348719206e-30
3.359461913162561e-30
-4.1993273914532015e-30
5.039192869743841e-30
-5.8790583480344816e-30
6.718923826325122e-30
-7.558789304615763e-30
8.398654782906403e-30
-3.3603109097365326e-29
1.0078385739487682e-29
1.344633761838996e-29
1.1758116696068963e-29
-3.696257101052789e-29
1.3437847652650244e-29
1.0086875705227402e-29
1.5117578609231525e-29
-4.032203292369045e-29
1.6797309565812806e-29
6.727413792064842e-30
6.720621819473065e-29
-4.368149483685301e-29
2.0156771478975365e-29
3.367951878902281e-30
-2.689267523677992e-29
-4.7040956750015573e-29
2.3516233392137927e-29
8.489965739719781e-33
7.392514202105578e-29
-5.040041866317813e-29
2.687569530530049e-29
-3.350971947422841e-30
-2.0173751410454805e-29
-5.37598805763407e-29
3.023515721846305e-29
-6.710433860585402e-30
8.06440658473809e-29
-5.711934248950326e-29
2.6401836436091352e-30
-5.2803672872182704e-30
7.920550930827405e-30
-1.0560734574436541e-29
1.3200918218045677e-29
-1.584110186165481e-29
1.8481285505263944e-29
-2.1121469148873082e-29
2.3761652792482216e-29
-2.6401836436091354e-29
1.0563403462402553e-28
-3.168220372330962e-29
-4.22696271774063e-29
-3.696257101052789e-29
1.1619476919846207e-28
-4.2242938297746163e-29
-3.170889260296976e-29
-4.7523305584964433e-29
1.2675550377289863e-28
-5.280367287218271e-29
-2.1148158028533226e-29
-2.1126806924805107e-28
1.3731623834733517e-28
-6.336440744661924e-29
-1.0587423454096687e-29
8.45392543548126e-29
1.4787697292177171e-28
-7.392514202105578e-29
-2.668887966014628e-32
-2.3238953839692414e-28
1.5843770749620823e-28
-8.448587659549233e-29
1.0534045694776394e-29
6.341778520593953e-29
1.689984420706448e-28
-9.504661116992887e-29
2.1094780269212935e-29
-2.5351100754579727e-28
1.795591766450813e-28
-9.598462609035889e-31
1.9196925218071777e-30
-2.8795387827107666e-30
3.8393850436143555e-30
-4.799231304517945e-30
5.759077565421533e-30
-6.718923826325122e-30
7.678770087228711e-30
-8.6386163481323e-30
9.59846260903589e-30
-3.84035532541318e-29
1.1518155130843066e-29
1.5367242992445672e-29
1.3437847652650244e-29
-4.2242938297746163e-29
1.5357540174457422e-29
1.1527857948831317e-29
1.72772326962646e-29
-4.608232334136052e-29
1.919692521807178e-29
7.688472905216963e-30
7.68071065082636e-29
-4.9921708384974874e-29
2.3036310261686133e-29
3.8490878616026064e-30
-3.0734485984891344e-29
-5.376109342858923e-29
2.687569530530049e-29
9.702817988251179e-33
8.448587659549233e-29
-5.760047847220358e-29
3.0715080348914844e-29
-3.8296822256261046e-30
-2.3055715897662633e-29
-6.143986351581794e-29
3.45544653925292e-29
-7.669067269240461e-30
9.216464668272104e-29
-6.527924855943229e-29
-7.204911218019573e-31
1.4409822436039146e-30
-2.1614733654058717e-30
2.881964487207829e-30
-3.602455609009787e-30
4.3229467308117434e-30
-5.043437852613701e-30
5.763928974415658e-30
-6.484420096217615e-30
7.204911218019574e-30
-2.8826928115761934e-29
8.645893461623487e-30
1.153514119251496e-29
1.0086875705227402e-29
-3.170889260296976e-29
1.1527857948831317e-29
8.65317670530713e-30
1.296884019243523e-29
-3.4590857090177597e-29
1.4409822436039148e-29
5.771212218099302e-30
5.765385623152387e-29
-3.7472821577385425e-29
1.7291786923246974e-29
2.889247730891473e-30
-2.307028238502992e-29
-4.0354786064593254e-29
2.0173751410454805e-29
7.283243683643924e-33
6.341778520593953e-29
-4.323675055180108e-29
2.3055715897662633e-29
-2.8746812435241856e-30
-1.730635341061426e-29
-4.6118715039008916e-29
2.593768038487046e-29
-5.7566457307320144e-30
6.918171418035519e-29
-4.900067952621674e-29
-1.0798270435165375e-30
2.159654087033075e-30
-3.2394811305496126e-30
4.31930817406615e-30
-5.399135217582688e-30
6.478962261099225e-30
-7.558789304615763e-30
8.6386163481323e-30
-9.718443391648839e-30
1.0798270435165376e-29
-4.320399741089828e-29
1.295792452219845e-29
1.728814836650138e-29
1.5117578609231525e-29
-4.7523305584964433e-29
1.72772326962646e-29
1.296884019243523e-29
1.9436886783297677e-29
-5.184261375903059e-29
2.1596540870330752e-29
8.649532018369083e-30
8.640799482179656e-29
-5.616192193309674e-29
2.59158490443969e-29
4.3302238443029325e-30
-3.457629673300276e-29
-6.048123010716289e-29
3.023515721846305e-29
1.0915670236782576e-32
9.504661116992887e-29
-6.480053828122902e-29
3.45544653925292e-29
-4.3083925038293674e-30
-2.593768038487046e-29
-6.911984645529518e-29
3.8873773566595354e-29
-8.627700677895518e-30
1.0368522751806118e-28
-7.343915462936133e-29
2.8801452088350324e-30
-5.760290417670065e-30
8.640435626505097e-30
-1.152058083534013e-29
1.4400726044175161e-29
-1.7280871253010193e-29
2.0161016461845225e-29
-2.304116167068026e-29
2.5921306879515294e-29
-2.8801452088350323e-29
1.152349229375585e-28
-3.4561742506020386e-29
-4.6111437925517723e-29
-4.032203292369045e-29
1.2675550377289863e-28
-4.608232334136052e-29
-3.4590857090177597e-29
-5.184261375903059e-29
1.3827608460823875e-28
-5.760290417670065e-29
-2.3070276254837467e-29
-2.30469845875117e-28
1.4979666544357889e-28
-6.912348501204077e-29
-1.1549695419497339e-29
9.222287585103545e-29
1.6131724627891903e-28
-8.06440658473809e-29
-2.9114584157209077e-32
-2.5351100754579727e-28
1.7283782711425914e-28
-9.216464668272104e-29
1.1491466251182921e-29
6.918171418035519e-29
1.8435840794959928e-28
-1.0368522751806118e-28
2.301204708652305e-29
-2.765521692164775e-28
1.958789887849394e-28
-1.1998078261294863e-30
2.3996156522589725e-30
-3.5994234783884586e-30
4.799231304517945e-30
-5.9990391306474315e-30
7.198846956776917e-30
-8.398654782906403e-30
9.59846260903589e-30
-1.0798270435165376e-29
1.1998078261294863e-29
-4.800444156766476e-29
1.4397693913553834e-29
1.920905374055709e-29
1.6797309565812806e-29
-5.280367287218271e-29
1.919692521807178e-29
1.4409822436039148e-29
2.1596540870330752e-29
-5.760290417670065e-29
2.3996156522589726e-29
9.610591131521204e-30
9.600888313532952e-29
-6.240213548121859e-29
2.879538782710767e-29
4.8113598270032585e-30
-3.841810748111418e-29
-6.720136678573654e-29
3.359461913162561e-29
1.2128522485313973e-32
1.0560734574436542e-28
-7.200059809025448e-29
3.839385043614356e-29
-4.787102782032631e-30
-2.8819644872078296e-29
-7.679982939477243e-29
4.3193081740661503e-29
-9.586334086550575e-30
1.152058083534013e-28
-8.159906069929037e-29
-4.805295565760602e-31
9.610591131521203e-31
-1.4415886697281804e-30
1.9221182263042406e-30
-2.402647782880301e-30
2.8831773394563608e-30
-3.363706896032421e-30
3.844236452608481e-30
-4.3247660091845415e-30
4.805295565760602e-30
-1.9226039802228985e-29
5.7663546789127216e-30
7.693330444403543e-30
6.727413792064842e-30
-2.1148158028533226e-29
7.688472905216963e-30
5.771212218099302e-30
8.649532018369083e-30
-2.3070276254837467e-29
9.610591131521204e-30
3.849093991795062e-30
3.845207960445797e-29
-2.4992394481141708e-29
1.1532709357825443e-29
1.9269757654908216e-30
-1.5386660888807086e-29
-2.691451270744595e-29
1.3454827584129684e-29
4.857539186581131e-33
4.229631605706645e-29
-2.8836630933750187e-29
1.5376945810433925e-29
-1.9172606871176597e-30
-1.1542424436198604e-29
-3.0758749160054434e-29
1.7299064036738166e-29
-3.8393789134219e-30
4.6140552509674934e-29
-3.268086738635867e-29
-4.800444156766475e-30
9.60088831353295e-30
-1.4401332470299425e-29
1.92017766270659e-29
-2.400222078383238e-29
2.880266494059885e-29
-3.3603109097365326e-29
3.84035532541318e-29
-4.320399741089828e-29
4.800444156766476e-29
-1.9206629262098516e-28
5.76053298811977e-29
7.685563285858977e-29
6.720621819473065e-29
-2.1126806924805107e-28
7.68071065082636e-29
5.765385623152387e-29
8.640799482179656e-29
-2.30469845875117e-28
9.600888313532952e-29
3.845207960445797e-29
3.8413258524197032e-28
-2.4967162250218287e-28
1.152106597623954e-28
1.925030297739207e-29
-1.5371126571717954e-28
-2.688733991292488e-28
1.344124363894613e-28
4.852635032616697e-32
4.225361384961021e-28
-2.880751757563147e-28
1.536142130165272e-28
-1.9153250276739736e-29
-1.1530771246304774e-28
-3.072769523833806e-28
1.7281598964359311e-28
-3.835502690380564e-29
4.60939691750234e-28
-3.264787290104465e-28
3.1201067740609296e-30
-6.240213548121859e-30
9.360320322182789e-30
-1.2480427096243719e-29
1.5600533870304649e-29
-1.8720640644365577e-29
2.1840747418426506e-29
-2.4960854192487437e-29
2.808096096654837e-29
-3.1201067740609297e-29
1.2483581125109144e-28
-3.7441281288731154e-29
-4.995324867362914e-29
-4.368149483685301e-29
1.3731623834733517e-28
-4.9921708384974874e-29
-3.7472821577385425e-29
-5.616192193309674e-29
1.4979666544357889e-28
-6.240213548121859e-29
-2.4992394481141708e-29
-2.4967162250218287e-28
1.622770925398226e-28
-7.488256257746231e-29
-1.251196738489799e-29
9.990649734725828e-29
1.7475751963606634e-28
-8.736298967370602e-29
-3.154028865427187e-32
-2.7463247669467035e-28
1.8723794673231003e-28
-9.984341676994975e-29
1.2448886807589446e-29
7.494564315477085e-29
1.9971837382855377e-28
-1.1232384386619347e-28
2.4929313903833166e-29
-2.9959333088715778e-28
2.121988009247975e-28
-1.4397693913553833e-30
2.8795387827107666e-30
-4.319308174066149e-30
5.759077565421533e-30
-7.198846956776917e-30
8.638616348132298e-30
-1.0078385739487682e-29
1.1518155130843066e-29
-1.295792452219845e-29
1.4397693913553834e-29
-5.76053298811977e-29
1.7277232696264597e-29
2.3050864488668507e-29
2.0156771478975365e-29
-6.336440744661924e-29
2.3036310261686133e-29
1.7291786923246974e-29
2.59158490443969e-29
-6.912348501204077e-29
2.879538782710767e-29
1.1532709357825443e-29
1.152106597623954e-28
-7.488256257746231e-29
3.4554465392529194e-29
5.77363179240391e-30
-4.6101728977337014e-29
-8.064164014288384e-29
4.031354295795073e-29
1.4554226982376767e-32
1.2672881489323847e-28
-8.640071770830537e-29
4.6072620523372266e-29
-5.7445233384391565e-30
-3.4583573846493947e-29
-9.21597952737269e-29
5.18316980887938e-29
-1.150360090386069e-29
1.3824697002408154e-28
-9.791887283914843e-29
-2.405679913501629e-31
4.811359827003258e-31
-7.217039740504887e-31
9.622719654006516e-31
-1.2028399567508146e-30
1.4434079481009775e-30
-1.6839759394511405e-30
1.9245439308013032e-30
-2.1651119221514662e-30
2.4056799135016293e-30
-9.625151488696034e-30
2.886815896201955e-30
3.8515196962921245e-30
3.367951878902281e-30
-1.0587423454096687e-29
3.8490878616026064e-30
2.889247730891473e-30
4.3302238443029325e-30
-1.1549695419497339e-29
4.8113598270032585e-30
1.9269757654908216e-30
1.925030297739207e-29
-1.251196738489799e-29
5.77363179240391e-30
9.6470380009017e-31
-7.703039392584249e-30
-1.3474239350298641e-29
6.735903757804562e-30
2.431834689518336e-33
2.1174846908193373e-29
-1.4436511315699292e-29
7.698175723205213e-30
-9.598401307111333e-31
-5.778495461782946e-30
-1.5398783281099946e-29
8.660447688605865e-30
-1.922112096111785e-30
2.3099390838994677e-29
-1.6361055246500596e-29
1.920905374055709e-30
-3.841810748111418e-30
5.762716122167127e-30
-7.683621496222836e-30
9.604526870278545e-30
-1.1525432244334253e-29
1.344633761838996e-29
-1.5367242992445672e-29
1.728814836650138e-29
-1.920905374055709e-29
7.685563285858977e-29
-2.3050864488668507e-29
-3.0753903881252753e-29
-2.689267523677992e-29
8.45392543548126e-29
-3.0734485984891344e-29
-2.307028238502992e-29
-3.457629673300276e-29
9.222287585103545e-29
-3.841810748111418e-29
-1.5386660888807086e-29
-1.5371126571717954e-28
9.990649734725828e-29
-4.6101728977337014e-29
-7.703039392584249e-30
6.150780776250551e-29
1.075901188434811e-28
-5.378535047355985e-29
-1.9417896361413437e-32
-1.690785087096252e-28
1.1527374033970394e-28
-6.146897196978269e-29
7.664203599861423e-30
4.614056477005984e-29
1.229573618359268e-28
-6.915259346600552e-29
1.5347825096084258e-29
-1.844457517020709e-28
1.3064098333214963e-28
3.360068339286827e-30
-6.720136678573654e-30
1.008020501786048e-29
-1.3440273357147307e-29
1.6800341696434136e-29
-2.016041003572096e-29
2.3520478375007787e-29
-2.6880546714294615e-29
3.0240615053581443e-29
-3.360068339286827e-29
1.344366995646244e-28
-4.032082007144192e-29
-5.379505942174056e-29
-4.7040956750015573e-29
1.4787697292177171e-28
-5.376109342858923e-29
-4.0354786064593254e-29
-6.048123010716289e-29
1.6131724627891903e-28
-6.720136678573654e-29
-2.691451270744595e-29
-2.688733991292488e-28
1.7475751963606634e-28
-8.064164014288384e-29
-1.3474239350298641e-29
1.075901188434811e-28
1.8819779299321363e-28
-9.408191350003115e-29
-3.3965993151334665e-32
-2.9575394584354343e-28
2.0163806635036092e-28
-1.0752218685717846e-28
1.3406307363995973e-29
8.070957212918651e-29
2.1507833970750826e-28
-1.2096246021432577e-28
2.684658072114328e-29
-3.2263449255783805e-28
2.2851861306465557e-28
-1.6797309565812805e-30
3.359461913162561e-30
-5.039192869743841e-30
6.718923826325122e-30
-8.398654782906403e-30
1.0078385739487682e-29
-1.1758116696068963e-29
1.3437847652650244e-29
-1.5117578609231525e-29
1.6797309565812806e-29
-6.720621819473065e-29
2.0156771478975365e-29
2.689267523677992e-29
2.3516233392137927e-29
-7.392514202105578e-29
2.687569530530049e-29
2.0173751410454805e-29
3.023515721846305e-29
-8.06440658473809e-29
3.359461913162561e-29
1.3454827584129684e-29
1.344124363894613e-28
-8.736298967370602e-29
4.031354295795073e-29
6.735903757804562e-30
-5.378535047355985e-29
-9.408191350003115e-29
4.7032466784275853e-29
1.6979931479439562e-32
1.4785028404211155e-28
-1.0080083732635626e-28
5.375139061060098e-29
-6.701943894845682e-30
-4.034750282090961e-29
-1.075197611526814e-28
6.04703144369261e-29
-1.3420867721170804e-29
1.612881316947618e-28
-1.1423868497900652e-28
-6.064261242656987e-34
1.2128522485313974e-33
-1.819278372797096e-33
2.4257044970627948e-33
-3.0321306213284933e-33
3.638556745594192e-33
-4.2449828698598904e-33
4.8514089941255896e-33
-5.457835118391288e-33
6.064261242656987e-33
-2.4263175163083486e-32
7.277113491188384e-33
9.708948180706718e-33
8.489965739719781e-33
-2.668887966014628e-32
9.702817988251179e-33
7.283243683643924e-33
1.0915670236782576e-32
-2.9114584157209077e-32
1.2128522485313973e-32
4.857539186581131e-33
4.852635032616697e-32
-3.154028865427187e-32
1.4554226982376767e-32
2.431834689518336e-33
-1.9417896361413437e-32
-3.3965993151334665e-32
1.6979931479439562e-32
6.130192455541257e-36
5.337775932029257e-32
-3.639169764839746e-32
1.9405635976502358e-32
-2.4195743046072536e-33
-1.4566487367287848e-32
-3.881740214546026e-32
2.1831340473565153e-32
-4.8452788016700484e-33
5.822916831441815e-32
-4.124310664252305e-32
-5.2803672872182704e-30
1.0560734574436541e-29
-1.584110186165481e-29
2.1121469148873082e-29
-2.6401836436091354e-29
3.168220372330962e-29
-3.696257101052789e-29
4.2242938297746163e-29
-4.7523305584964433e-29
5.280367287218271e-29
-2.1126806924805107e-28
6.336440744661924e-29
8.45392543548126e-29
7.392514202105578e-29
-2.3238953839692414e-28
8.448587659549233e-29
6.341778520593953e-29
9.504661116992887e-29
-2.5351100754579727e-28
1.0560734574436542e-28
4.229631605706645e-29
4.225361384961021e-28
-2.7463247669467035e-28
1.2672881489323847e-28
2.1174846908193373e-29
-1.690785087096252e-28
-2.9575394584354343e-28
1.4785028404211155e-28
5.337775932029257e-32
4.647790767938483e-28
-3.1687541499241646e-28
1.6897175319098465e-28
-2.1068091389552787e-29
-1.2683557041187905e-28
-3.379968841412896e-28
1.9009322233985773e-28
-4.218956053842587e-29
5.070220150915945e-28
-3.591183532901626e-28
3.600029904512724e-30
-7.200059809025447e-30
1.0800089713538171e-29
-1.4400119618050895e-29
1.800014952256362e-29
-2.1600179427076342e-29
2.5200209331589065e-29
-2.880023923610179e-29
3.240026914061451e-29
-3.600029904512724e-29
1.4403758787815734e-28
-4.3200358854152685e-29
-5.763687016985197e-29
-5.040041866317813e-29
1.5843770749620823e-28
-5.760047847220358e-29
-4.323675055180108e-29
-6.480053828122902e-29
1.7283782711425914e-28
-7.200059809025448e-29
-2.8836630933750187e-29
-2.880751757563147e-28
1.8723794673231003e-28
-8.640071770830537e-29
-1.4436511315699292e-29
1.1527374033970394e-28
2.0163806635036092e-28
-1.0080083732635626e-28
-3.639169764839746e-32
-3.1687541499241646e-28
2.160381859684118e-28
-1.1520095694440716e-28
1.4363727920402498e-29
8.647350110360216e-29
2.304383055864627e-28
-1.2960107656245805e-28
2.876384753845339e-29
-3.456756542285183e-28
2.448384252045136e-28
-1.9196925218071777e-30
3.8393850436143555e-30
-5.759077565421533e-30
7.678770087228711e-30
-9.59846260903589e-30
1.1518155130843066e-29
-1.3437847652650244e-29
1.5357540174457422e-29
-1.72772326962646e-29
1.919692521807178e-29
-7.68071065082636e-29
2.3036310261686133e-29
3.0734485984891344e-29
2.687569530530049e-29
-8.448587659549233e-29
3.0715080348914844e-29
2.3055715897662633e-29
3.45544653925292e-29
-9.216464668272104e-29
3.839385043614356e-29
1.5376945810433925e-29
1.536142130165272e-28
-9.984341676994975e-29
4.6072620523372266e-29
7.698175723205213e-30
-6.146897196978269e-29
-1.0752218685717846e-28
5.375139061060098e-29
1.9405635976502358e-32
1.6897175319098465e-28
-1.1520095694440716e-28
6.143016069782969e-29
-7.659364451252209e-30
-4.6111431795325267e-29
-1.2287972703163588e-28
6.91089307850584e-29
-1.5338134538480921e-29
1.8432929336544207e-28
-1.3055849711886458e-28
2.3935513910163154e-31
-4.787102782032631e-31
7.180654173048946e-31
-9.574205564065261e-31
1.1967756955081577e-30
-1.4361308346097891e-30
1.6754859737114205e-30
-1.9148411128130523e-30
2.1541962519146837e-30
-2.3935513910163154e-30
9.576625138369868e-30
-2.8722616692195782e-30
-3.8321017999307116e-30
-3.350971947422841e-30
1.0534045694776394e-29
-3.8296822256261046e-30
-2.8746812435241856e-30
-4.3083925038293674e-30
1.1491466251182921e-29
-4.787102782032631e-30
-1.9172606871176597e-30
-1.9153250276739736e-29
1.2448886807589446e-29
-5.7445233384391565e-30
-9.598401307111333e-31
7.664203599861423e-30
1.3406307363995973e-29
-6.701943894845682e-30
-2.4195743046072536e-33
-2.1068091389552787e-29
1.4363727920402498e-29
-7.659364451252209e-30
9.55000982101919e-31
5.749362487048371e-30
1.5321148476809025e-29
-8.616785007658735e-30
1.912421538508445e-30
-2.2982932502365841e-29
1.6278569033215552e-29
1.4409822436039146e-30
-2.881964487207829e-30
4.3229467308117434e-30
-5.763928974415658e-30
7.204911218019574e-30
-8.645893461623487e-30
1.0086875705227402e-29
-1.1527857948831317e-29
1.296884019243523e-29
-1.4409822436039148e-29
5.765385623152387e-29
-1.7291786923246974e-29
-2.307028238502992e-29
-2.0173751410454805e-29
6.341778520593953e-29
-2.3055715897662633e-29
-1.730635341061426e-29
-2.593768038487046e-29
6.918171418035519e-29
-2.8819644872078296e-29
-1.1542424436198604e-29
-1.1530771246304774e-28
7.494564315477085e-29
-3.4583573846493947e-29
-5.778495461782946e-30
4.614056477005984e-29
8.070957212918651e-29
-4.034750282090961e-29
-1.4566487367287848e-32
-1.2683557041187905e-28
8.647350110360216e-29
-4.6111431795325267e-29
5.749362487048371e-30
3.461270682122852e-29
9.223743007801783e-29
-5.187536076974092e-29
1.1513291461464029e-29
-1.3836342836071039e-28
9.800135905243348e-29
3.839991469738621e-30
-7.679982939477243e-30
1.1519974409215863e-29
-1.5359965878954485e-29
1.9199957348693107e-29
-2.3039948818431726e-29
2.687994028817035e-29
-3.071993175790897e-29
3.455992322764759e-29
-3.8399914697386214e-29
1.536384761916903e-28
-4.607989763686345e-29
-6.14786809179634e-29
-5.37598805763407e-29
1.689984420706448e-28
-6.143986351581794e-29
-4.6118715039008916e-29
-6.911984645529518e-29
1.8435840794959928e-28
-7.679982939477243e-29
-3.0758749160054434e-29
-3.072769523833806e-28
1.9971837382855377e-28
-9.21597952737269e-29
-1.5398783281099946e-29
1.229573618359268e-28
2.1507833970750826e-28
-1.075197611526814e-28
-3.881740214546026e-32
-3.379968841412896e-28
2.304383055864627e-28
-1.2287972703163588e-28
1.5321148476809025e-29
9.223743007801783e-29
2.4579827146541723e-28
-1.3823969291059037e-28
3.068111435576351e-29
-3.6871681589919856e-28
2.611582373443717e-28
-2.159654087033075e-30
4.31930817406615e-30
-6.478962261099225e-30
8.6386163481323e-30
-1.0798270435165376e-29
1.295792452219845e-29
-1.5117578609231525e-29
1.72772326962646e-29
-1.9436886783297677e-29
2.1596540870330752e-29
-8.640799482179656e-29
2.59158490443969e-29
3.457629673300276e-29
3.023515721846305e-29
-9.504661116992887e-29
3.45544653925292e-29
2.593768038487046e-29
3.8873773566595354e-29
-1.0368522751806118e-28
4.3193081740661503e-29
1.7299064036738166e-29
1.7281598964359311e-28
-1.1232384386619347e-28
5.18316980887938e-29
8.660447688605865e-30
-6.915259346600552e-29
-1.2096246021432577e-28
6.04703144369261e-29
2.1831340473565153e-32
1.9009322233985773e-28
-1.2960107656245805e-28
6.91089307850584e-29
-8.616785007658735e-30
-5.187536076974092e-29
-1.3823969291059037e-28
7.774754713319071e-29
-1.7255401355791036e-29
2.0737045503612235e-28
-1.4687830925872267e-28
4.793167043275288e-31
-9.586334086550576e-31
1.4379501129825862e-30
-1.9172668173101152e-30
2.3965835216376438e-30
-2.8759002259651724e-30
3.355216930292701e-30
-3.8345336346202304e-30
4.313850338947759e-30
-4.7931670432752876e-30
1.917751345190282e-29
-5.751800451930345e-30
-7.673912548042129e-30
-6.710433860585402e-30
2.1094780269212935e-29
-7.669067269240461e-30
-5.7566457307320144e-30
-8.627700677895518e-30
2.301204708652305e-29
-9.586334086550575e-30
-3.8393789134219e-30
-3.835502690380564e-29
2.4929313903833166e-29
-1.150360090386069e-29
-1.922112096111785e-30
1.5347825096084258e-29
2.684658072114328e-29
-1.3420867721170804e-29
-4.8452788016700484e-33
-4.218956053842587e-29
2.876384753845339e-29
-1.5338134538480921e-29
1.912421538508445e-30
1.1513291461464029e-29
3.068111435576351e-29
-1.7255401355791036e-29
3.82968835581856e-30
-4.60240941730461e-29
3.259838117307362e-29
-5.760290417670065e-30
1.152058083534013e-29
-1.7280871253010193e-29
2.304116167068026e-29
-2.8801452088350323e-29
3.4561742506020386e-29
-4.032203292369045e-29
4.608232334136052e-29
-5.184261375903059e-29
5.760290417670065e-29
-2.30469845875117e-28
6.912348501204077e-29
9.222287585103545e-29
8.06440658473809e-29
-2.5351100754579727e-28
9.216464668272104e-29
6.918171418035519e-29
1.0368522751806118e-28
-2.765521692164775e-28
1.152058083534013e-28
4.6140552509674934e-29
4.60939691750234e-28
-2.9959333088715778e-28
1.3824697002408154e-28
2.3099390838994677e-29
-1.844457517020709e-28
-3.2263449255783805e-28
1.612881316947618e-28
5.822916831441815e-32
5.070220150915945e-28
-3.456756542285183e-28
1.8432929336544207e-28
-2.2982932502365841e-29
-1.3836342836071039e-28
-3.6871681589919856e-28
2.0737045503612235e-28
-4.60240941730461e-29
5.53104338432955e-28
-3.917579775698788e-28
4.079953034964518e-30
-8.159906069929036e-30
1.2239859104893554e-29
-1.6319812139858073e-29
2.0399765174822591e-29
-2.4479718209787108e-29
2.855967124475163e-29
-3.2639624279716145e-29
3.6719577314680667e-29
-4.0799530349645183e-29
1.6323936450522324e-28
-4.8959436419574215e-29
-6.532049166607481e-29
-5.711934248950326e-29
1.795591766450813e-28
-6.527924855943229e-29
-4.900067952621674e-29
-7.343915462936133e-29
1.958789887849394e-28
-8.159906069929037e-29
-3.268086738635867e-29
-3.264787290104465e-28
2.121988009247975e-28
-9.791887283914843e-29
-1.6361055246500596e-29
1.3064098333214963e-28
2.2851861306465557e-28
-1.1423868497900652e-28
-4.124310664252305e-32
-3.591183532901626e-28
2.448384252045136e-28
-1.3055849711886458e-28
1.6278569033215552e-29
9.800135905243348e-29
2.611582373443717e-28
-1.4687830925872267e-28
3.259838117307362e-29
-3.917579775698788e-28
2.7747804948422974e-28
