1521
0.24302241569388375
0.484546517381861
0.7230832286621113
0.9571618913880866
1.185339332765027
1.4062087629901443
1.618408448579563
1.8206301079080676
2.0116269772003728
2.190221497244387
2.3553125734353353
2.5058823643901458
2.6410025572780462
2.7598400911778596
2.8616622931756033
2.9458413955366423
3.011858406102529
3.059306308050242
3.087892569286244
3.097440946004119
3.087892569286244
3.059306308050241
3.011858406102529
2.9458413955366423
2.8616622931756033
2.75984009117786
2.641002557278047
2.5058823643901458
2.3553125734353353
2.190221497244387
2.011626977200373
1.8206301079080678
1.6184084485795631
1.4062087629901447
1.1853393327650272
0.9571618913880868
0.7230832286621117
0.4845465173818613
0.24302241569388414
0.48454651738186094
0.9661056443559952
1.4417084087699474
1.9084225614271382
2.3633706543782314
2.8037477813445895
3.226838870898212
3.6300354257799357
4.010851605152455
4.366939550635708
4.696103861634533
4.996315130713382
5.265722455568005
5.502664850453649
5.705681486714502
5.873520699278132
6.005147703586884
6.0997509753887735
6.156747254054361
6.175785138572488
6.156747254054361
6.099750975388772
6.005147703586884
5.873520699278132
5.705681486714502
5.502664850453651
5.265722455568007
4.996315130713382
4.696103861634533
4.366939550635708
4.010851605152456
3.630035425779936
3.2268388708982125
2.8037477813445904
2.363370654378232
1.9084225614271388
1.4417084087699483
0.9661056443559958
0.4845465173818617
0.7230832286621113
1.4417084087699477
2.1514449771210216
2.8479171717600917
3.5268310100067013
4.184000762286297
4.815374758544962
5.417060368142598
5.9853479992152705
6.516733969542599
7.007942107913755
7.455943952812392
7.8579774238889835
8.211563851104646
8.514523256556178
8.764987794764743
8.961413268564375
9.102588649591002
9.187643544675016
9.216053562104602
9.187643544675016
9.102588649591
8.961413268564375
8.764987794764743
8.514523256556178
8.211563851104648
7.857977423888985
7.455943952812392
7.007942107913754
6.5167339695426
5.985347999215272
5.417060368142599
4.815374758544963
4.184000762286299
3.526831010006702
2.8479171717600926
2.151444977121023
1.4417084087699483
0.7230832286621125
0.9571618913880865
1.9084225614271382
2.8479171717600917
3.7698534257005845
4.66854727966816
5.538457987207073
6.3742222595306846
7.1706873319802975
7.922942732532745
8.626350556493316
9.276574060720462
9.869604401089356
10.401785348349033
10.869835829991512
11.270870159154889
11.602415825842423
11.862428740768861
12.04930583785062
12.161894957641243
12.199501950777545
12.161894957641243
12.049305837850618
11.862428740768861
11.602415825842423
11.270870159154889
10.869835829991514
10.401785348349035
9.869604401089356
9.27657406072046
8.626350556493318
7.922942732532746
7.170687331980298
6.374222259530686
5.5384579872070745
4.668547279668161
3.769853425700586
2.847917171760093
1.9084225614271393
0.957161891388088
1.185339332765027
2.3633706543782314
3.526831010006701
4.66854727966816
5.781480402900958
6.858768776912546
7.893770560642409
8.880104623920833
9.811689889258345
10.682782823710605
11.488012849668921
12.222415456257103
12.881462807191886
13.461091656399276
13.957728399277759
14.368311105159009
14.690308395128667
14.921735048819105
15.061164243953149
15.107736353177888
15.061164243953149
14.921735048819103
14.690308395128667
14.368311105159009
13.957728399277759
13.46109165639928
12.88146280719189
12.222415456257103
11.488012849668921
10.682782823710607
9.811689889258348
8.880104623920833
7.893770560642411
6.858768776912549
5.78148040290096
4.668547279668161
3.526831010006703
2.3633706543782327
1.1853393327650288
1.4062087629901443
2.80374778134459
4.184000762286298
5.538457987207074
6.858768776912547
8.136792976336292
9.36465114130269
10.534773117920455
11.639944715098691
12.673352182433945
13.628624219247248
14.499871255771449
15.281721764307342
15.969355376478127
16.558532602403396
17.045620968564002
17.427617413209248
17.702166801231193
17.867576444355745
17.92282653712875
17.867576444355745
17.702166801231193
17.427617413209248
17.045620968564002
16.558532602403396
15.96935537647813
15.281721764307344
14.499871255771449
13.628624219247246
12.673352182433947
11.639944715098693
10.534773117920457
9.364651141302692
8.136792976336293
6.858768776912548
5.5384579872070745
4.1840007622863
2.8037477813445912
1.4062087629901465
1.6184084485795627
3.226838870898212
4.815374758544961
6.3742222595306846
7.893770560642409
9.36465114130269
10.777795533614338
12.124491232480551
13.396435411096057
14.58578611063533
15.685210588536476
16.687930527297485
17.58776382505769
18.37916271031146
19.057247945764374
19.617838910453635
20.057479374666528
20.37345880874589
20.563829094406795
20.627416535533605
20.563829094406795
20.373458808745887
20.057479374666528
19.617838910453635
19.057247945764374
18.379162710311462
17.587763825057692
16.687930527297485
15.685210588536474
14.585786110635333
13.39643541109606
12.124491232480553
10.77779553361434
9.364651141302694
7.893770560642411
6.374222259530686
4.815374758544964
3.226838870898214
1.6184084485795653
1.8206301079080676
3.630035425779936
5.417060368142599
7.1706873319802975
8.880104623920833
10.534773117920455
12.124491232480553
13.639457826789943
15.070332628017194
16.408293817198587
17.64509241868558
18.77310315782272
19.785371473301606
20.675656394343935
21.438469018361705
22.069106351866903
22.56368030599028
22.919141667842137
23.133298899923755
23.204831651684845
23.133298899923755
22.919141667842133
22.56368030599028
22.069106351866903
21.438469018361705
20.67565639434394
19.78537147330161
18.77310315782272
17.645092418685575
16.40829381719859
15.0703326280172
13.639457826789945
12.124491232480555
10.534773117920459
8.880104623920834
7.1706873319803
5.417060368142602
3.6300354257799383
1.8206301079080704
2.0116269772003728
4.010851605152455
5.9853479992152705
7.922942732532745
9.811689889258346
11.63994471509869
13.396435411096059
15.070332628017194
16.651316232892473
18.129638936067437
19.496186386484833
20.742533364689695
21.86099572710896
22.844677781351848
23.68751480044647
24.384310413898348
24.930768645042505
25.323520397168142
25.560144225120183
25.639181264313898
25.560144225120183
25.323520397168135
24.930768645042505
24.384310413898348
23.68751480044647
22.84467778135185
21.860995727108968
20.742533364689695
19.496186386484833
18.129638936067437
16.651316232892476
15.070332628017198
13.39643541109606
11.639944715098695
9.811689889258348
7.922942732532747
5.985347999215274
4.010851605152458
2.011626977200376
2.190221497244387
4.366939550635708
6.516733969542599
8.626350556493316
10.682782823710605
12.673352182433945
14.585786110635333
16.408293817198587
18.129638936067433
19.739208802178712
21.227079882071557
22.584078955771073
23.80183967273993
24.87285413321149
25.79051917688849
26.549177093622067
27.144150505076205
27.57177120232055
27.829402761558285
27.915456798555514
27.829402761558285
27.571771202320548
27.144150505076205
26.549177093622067
25.79051917688849
24.872854133211494
23.801839672739938
22.584078955771073
21.227079882071553
19.739208802178716
18.12963893606744
16.40829381719859
14.585786110635334
12.67335218243395
10.682782823710609
8.62635055649332
6.516733969542604
4.366939550635711
2.1902214972443903
2.3553125734353357
4.696103861634534
7.007942107913755
9.276574060720462
11.488012849668923
13.628624219247246
15.685210588536478
17.64509241868558
19.496186386484833
21.227079882071557
22.827101371464966
24.2863861901218
25.595937361873606
26.74768106827658
27.734516426387103
28.550359268066355
29.19017965090012
29.650032869466358
29.927083775755893
30.019624258802676
29.927083775755893
29.650032869466354
29.19017965090012
28.550359268066355
27.734516426387103
26.747681068276584
25.59593736187361
24.2863861901218
22.827101371464963
21.22707988207156
19.49618638648484
17.645092418685582
15.685210588536481
13.628624219247252
11.488012849668927
9.276574060720465
7.00794210791376
4.696103861634537
2.3553125734353393
2.505882364390146
4.996315130713382
7.455943952812393
9.869604401089358
12.222415456257105
14.499871255771447
16.68793052729749
18.77310315782272
20.742533364689695
22.584078955771076
24.2863861901218
25.83895977756749
27.232227585658435
28.457599655049208
29.50752115945444
30.375518983665145
31.056241632456498
31.545492224335455
31.84025436671074
31.93871075295626
31.84025436671074
31.545492224335447
31.056241632456498
30.375518983665145
29.50752115945444
28.45759965504921
27.232227585658443
25.83895977756749
24.286386190121796
22.584078955771076
20.7425333646897
18.773103157822725
16.687930527297492
14.499871255771454
12.222415456257107
9.869604401089362
7.455943952812397
4.996315130713385
2.50588236439015
2.6410025572780467
5.265722455568006
7.857977423888984
10.401785348349035
12.881462807191888
15.281721764307342
17.587763825057692
19.785371473301606
21.860995727108964
23.801839672739934
25.595937361873606
27.23222758565844
28.700622070743087
29.992067676836296
31.098602212327254
32.01340352384458
32.73083155710048
33.246463129700885
33.557119201535826
33.660884474618804
33.557119201535826
33.24646312970088
32.73083155710048
32.01340352384458
31.098602212327254
29.9920676768363
28.700622070743094
27.23222758565844
25.595937361873602
23.801839672739938
21.860995727108968
19.78537147330161
17.587763825057696
15.281721764307347
12.881462807191891
10.401785348349037
7.857977423888989
5.265722455568009
2.6410025572780507
2.7598400911778596
5.50266485045365
8.211563851104646
10.869835829991512
13.461091656399278
15.969355376478127
18.379162710311462
20.675656394343935
22.844677781351848
24.87285413321149
26.747681068276577
28.457599655049204
29.992067676836292
31.341624628021133
32.497950041226446
33.453914785762585
34.20362502108897
34.74245853430085
35.06709323760895
35.175527650115384
35.06709323760895
34.742458534300845
34.20362502108897
33.453914785762585
32.497950041226446
31.34162462802114
29.9920676768363
28.457599655049204
26.747681068276574
24.872854133211494
22.844677781351855
20.67565639434394
18.379162710311466
15.969355376478132
13.46109165639928
10.869835829991516
8.211563851104652
5.502664850453653
2.759840091177864
2.861662293175603
5.705681486714503
8.514523256556178
11.270870159154889
13.957728399277759
16.558532602403393
19.057247945764374
21.438469018361705
23.687514800446465
25.79051917688849
27.7345164263871
29.507521159454438
31.09860221232725
32.49795004122644
33.69693720145647
34.68817153847083
35.465541762962964
36.02425512899704
36.36086698288042
36.4733020005991
36.36086698288042
36.024255128997034
35.465541762962964
34.68817153847083
33.69693720145647
32.497950041226446
31.098602212327258
29.507521159454438
27.734516426387096
25.79051917688849
23.687514800446472
21.438469018361708
19.057247945764377
16.5585326024034
13.957728399277762
11.270870159154892
8.514523256556183
5.705681486714505
2.8616622931756077
2.945841395536642
5.873520699278132
8.764987794764743
11.602415825842423
14.368311105159009
17.045620968564
19.617838910453635
22.069106351866903
24.384310413898344
26.549177093622067
28.55035926806635
30.375518983665142
32.01340352384458
33.453914785762585
34.68817153847083
35.70856417865684
36.5088016463789
37.08395021154253
37.43046389198718
37.54620631564544
37.43046389198718
37.08395021154252
36.5088016463789
35.70856417865684
34.68817153847083
33.45391478576259
32.01340352384459
30.375518983665142
28.550359268066348
26.54917709362207
24.38431041389835
22.069106351866907
19.61783891045364
17.045620968564005
14.368311105159012
11.602415825842424
8.764987794764748
5.873520699278136
2.9458413955366467
3.011858406102529
6.005147703586884
8.961413268564375
11.862428740768861
14.690308395128667
17.427617413209248
20.057479374666528
22.563680305990278
24.930768645042505
27.144150505076205
29.190179650900117
31.056241632456498
32.73083155710047
34.20362502108897
35.465541762962964
36.5088016463789
37.32697262723641
37.915010409369046
38.269289544307554
38.38762578337527
38.269289544307554
37.91501040936904
37.32697262723641
36.5088016463789
35.465541762962964
34.203625021088975
32.73083155710048
31.056241632456498
29.190179650900113
27.144150505076208
24.930768645042512
22.56368030599028
20.05747937466653
17.427617413209255
14.690308395128671
11.862428740768864
8.96141326856438
6.005147703586887
3.0118584061025335
3.0593063080502416
6.0997509753887735
9.102588649591002
12.04930583785062
14.921735048819107
17.702166801231193
20.37345880874589
22.919141667842133
25.32352039716814
27.57177120232055
29.650032869466358
31.545492224335455
33.246463129700885
34.74245853430085
36.02425512899704
37.08395021154253
37.915010409369046
38.51231196000144
38.872172300757136
38.99237277296967
38.872172300757136
38.51231196000143
37.915010409369046
37.08395021154253
36.02425512899704
34.74245853430086
33.24646312970089
31.545492224335455
29.650032869466354
27.571771202320555
25.323520397168146
22.919141667842137
20.373458808745895
17.7021668012312
14.92173504881911
12.049305837850623
9.102588649591008
6.099750975388777
3.0593063080502465
3.0878925692862436
6.156747254054361
9.187643544675016
12.161894957641243
15.06116424395315
17.867576444355745
20.5638290944068
23.13329889992375
25.56014422512018
27.829402761558285
29.92708377575589
31.84025436671074
33.55711920153582
35.06709323760895
36.36086698288042
37.43046389198718
38.269289544307554
38.872172300757136
39.235395188663546
39.356718818138994
39.235395188663546
38.87217230075713
38.269289544307554
37.43046389198718
36.36086698288042
35.06709323760896
33.557119201535826
31.84025436671074
29.927083775755886
27.82940276155829
25.560144225120187
23.133298899923755
20.563829094406803
17.867576444355752
15.061164243953154
12.161894957641247
9.187643544675021
6.156747254054364
3.0878925692862484
3.097440946004119
6.175785138572488
9.216053562104602
12.199501950777545
15.107736353177888
17.92282653712875
20.627416535533605
23.204831651684845
25.639181264313898
27.915456798555514
30.019624258802676
31.93871075295626
33.660884474618804
35.175527650115384
36.4733020005991
37.54620631564544
38.38762578337527
38.99237277296967
39.356718818138994
39.47841760435743
39.356718818138994
38.99237277296966
38.38762578337527
37.54620631564544
36.4733020005991
35.17552765011539
33.66088447461881
31.93871075295626
30.019624258802672
27.915456798555518
25.639181264313905
23.20483165168485
20.62741653553361
17.922826537128756
15.107736353177891
12.199501950777549
9.216053562104607
6.175785138572492
3.0974409460041237
3.0878925692862436
6.156747254054361
9.187643544675016
12.161894957641243
15.06116424395315
17.867576444355745
20.5638290944068
23.13329889992375
25.56014422512018
27.829402761558285
29.92708377575589
31.84025436671074
33.55711920153582
35.06709323760895
36.36086698288042
37.43046389198718
38.269289544307554
38.872172300757136
39.235395188663546
39.356718818138994
39.235395188663546
38.87217230075713
38.269289544307554
37.43046389198718
36.36086698288042
35.06709323760896
33.557119201535826
31.84025436671074
29.927083775755886
27.82940276155829
25.560144225120187
23.133298899923755
20.563829094406803
17.867576444355752
15.061164243953154
12.161894957641247
9.187643544675021
6.156747254054364
3.0878925692862484
3.0593063080502416
6.099750975388773
9.102588649591002
12.049305837850618
14.921735048819105
17.70216680123119
20.37345880874589
22.919141667842133
25.32352039716814
27.571771202320548
29.650032869466354
31.54549222433545
33.24646312970088
34.742458534300845
36.02425512899704
37.08395021154252
37.91501040936904
38.51231196000143
38.87217230075713
38.99237277296966
38.87217230075713
38.512311960001426
37.91501040936904
37.08395021154252
36.02425512899704
34.74245853430085
33.246463129700885
31.54549222433545
29.65003286946635
27.57177120232055
25.323520397168146
22.919141667842137
20.373458808745895
17.702166801231197
14.921735048819109
12.049305837850621
9.102588649591006
6.099750975388776
3.0593063080502465
3.011858406102529
6.005147703586885
8.961413268564376
11.862428740768863
14.69030839512867
17.427617413209248
20.05747937466653
22.56368030599028
24.93076864504251
27.144150505076208
29.19017965090012
31.0562416324565
32.73083155710048
34.20362502108897
35.465541762962964
36.508801646378906
37.326972627236415
37.91501040936905
38.269289544307554
38.38762578337527
38.269289544307554
37.915010409369046
37.326972627236415
36.508801646378906
35.465541762962964
34.203625021088975
32.73083155710049
31.0562416324565
29.190179650900117
27.14415050507621
24.930768645042516
22.563680305990285
20.057479374666535
17.427617413209255
14.690308395128673
11.862428740768866
8.961413268564382
6.005147703586888
3.011858406102534
2.9458413955366423
5.873520699278133
8.764987794764744
11.602415825842423
14.36831110515901
17.045620968564002
19.61783891045364
22.069106351866903
24.384310413898348
26.54917709362207
28.550359268066355
30.375518983665145
32.01340352384458
33.45391478576259
34.68817153847083
35.70856417865685
36.508801646378906
37.08395021154253
37.43046389198719
37.54620631564544
37.43046389198719
37.08395021154252
36.508801646378906
35.70856417865685
34.68817153847083
33.4539147857626
32.01340352384459
30.375518983665145
28.55035926806635
26.549177093622074
24.384310413898355
22.069106351866907
19.617838910453642
17.045620968564005
14.368311105159014
11.602415825842426
8.76498779476475
5.873520699278137
2.945841395536647
2.861662293175603
5.705681486714503
8.514523256556178
11.270870159154889
13.957728399277759
16.558532602403393
19.057247945764374
21.438469018361705
23.687514800446465
25.79051917688849
27.7345164263871
29.507521159454438
31.09860221232725
32.49795004122644
33.69693720145647
34.68817153847083
35.465541762962964
36.02425512899704
36.36086698288042
36.4733020005991
36.36086698288042
36.024255128997034
35.465541762962964
34.68817153847083
33.69693720145647
32.497950041226446
31.098602212327258
29.507521159454438
27.734516426387096
25.79051917688849
23.687514800446472
21.438469018361708
19.057247945764377
16.5585326024034
13.957728399277762
11.270870159154892
8.514523256556183
5.705681486714505
2.8616622931756077
2.75984009117786
5.502664850453651
8.211563851104648
10.869835829991514
13.46109165639928
15.969355376478129
18.379162710311462
20.67565639434394
22.84467778135185
24.872854133211494
26.74768106827658
28.457599655049208
29.992067676836296
31.341624628021137
32.497950041226446
33.45391478576259
34.203625021088975
34.74245853430085
35.06709323760896
35.17552765011539
35.06709323760896
34.74245853430085
34.203625021088975
33.45391478576259
32.497950041226446
31.341624628021144
29.992067676836303
28.457599655049208
26.747681068276577
24.872854133211497
22.844677781351855
20.675656394343942
18.379162710311466
15.969355376478136
13.461091656399281
10.869835829991517
8.211563851104653
5.5026648504536535
2.7598400911778644
2.641002557278047
5.265722455568007
7.857977423888985
10.401785348349035
12.88146280719189
15.281721764307344
17.587763825057696
19.78537147330161
21.860995727108964
23.801839672739938
25.59593736187361
27.232227585658443
28.70062207074309
29.9920676768363
31.098602212327258
32.01340352384459
32.73083155710048
33.24646312970089
33.557119201535826
33.66088447461881
33.557119201535826
33.246463129700885
32.73083155710048
32.01340352384459
31.098602212327258
29.992067676836307
28.700622070743098
27.232227585658443
25.595937361873606
23.801839672739938
21.86099572710897
19.785371473301613
17.587763825057696
15.281721764307349
12.881462807191893
10.401785348349039
7.85797742388899
5.26572245556801
2.641002557278051
2.505882364390146
4.996315130713382
7.455943952812393
9.869604401089358
12.222415456257105
14.499871255771447
16.68793052729749
18.77310315782272
20.742533364689695
22.584078955771076
24.2863861901218
25.83895977756749
27.232227585658435
28.457599655049208
29.50752115945444
30.375518983665145
31.056241632456498
31.545492224335455
31.84025436671074
31.93871075295626
31.84025436671074
31.545492224335447
31.056241632456498
30.375518983665145
29.50752115945444
28.45759965504921
27.232227585658443
25.83895977756749
24.286386190121796
22.584078955771076
20.7425333646897
18.773103157822725
16.687930527297492
14.499871255771454
12.222415456257107
9.869604401089362
7.455943952812397
4.996315130713385
2.50588236439015
2.3553125734353353
4.696103861634533
7.007942107913754
9.27657406072046
11.488012849668921
13.628624219247245
15.685210588536476
17.645092418685575
19.49618638648483
21.227079882071553
22.827101371464963
24.286386190121796
25.595937361873602
26.747681068276577
27.734516426387096
28.55035926806635
29.190179650900117
29.650032869466354
29.92708377575589
30.019624258802672
29.92708377575589
29.65003286946635
29.190179650900117
28.55035926806635
27.734516426387096
26.74768106827658
25.595937361873606
24.286386190121796
22.82710137146496
21.227079882071557
19.496186386484837
17.64509241868558
15.685210588536478
13.62862421924725
11.488012849668925
9.276574060720463
7.007942107913758
4.696103861634536
2.355312573435339
2.190221497244387
4.366939550635709
6.516733969542601
8.626350556493318
10.682782823710607
12.673352182433947
14.585786110635334
16.40829381719859
18.129638936067437
19.739208802178716
21.22707988207156
22.584078955771076
23.801839672739934
24.872854133211494
25.790519176888495
26.54917709362207
27.144150505076208
27.57177120232056
27.82940276155829
27.915456798555518
27.82940276155829
27.57177120232055
27.144150505076208
26.54917709362207
25.790519176888495
24.872854133211497
23.80183967273994
22.584078955771076
21.227079882071557
19.73920880217872
18.129638936067444
16.40829381719859
14.585786110635336
12.673352182433952
10.682782823710609
8.626350556493321
6.516733969542605
4.366939550635712
2.1902214972443907
2.011626977200373
4.010851605152456
5.985347999215271
7.922942732532746
9.811689889258346
11.639944715098691
13.39643541109606
15.070332628017198
16.651316232892473
18.129638936067437
19.496186386484837
20.7425333646897
21.860995727108964
22.84467778135185
23.687514800446472
24.38431041389835
24.930768645042512
25.323520397168146
25.560144225120187
25.639181264313905
25.560144225120187
25.323520397168142
24.930768645042512
24.38431041389835
23.687514800446472
22.844677781351855
21.86099572710897
20.7425333646897
19.496186386484833
18.12963893606744
16.65131623289248
15.0703326280172
13.396435411096062
11.639944715098697
9.81168988925835
7.922942732532749
5.985347999215275
4.0108516051524585
2.0116269772003763
1.820630107908068
3.6300354257799365
5.4170603681426
7.170687331980299
8.880104623920834
10.534773117920457
12.124491232480555
13.639457826789945
15.070332628017198
16.40829381719859
17.645092418685582
18.773103157822725
19.78537147330161
20.67565639434394
21.43846901836171
22.069106351866907
22.563680305990285
22.91914166784214
23.13329889992376
23.20483165168485
23.13329889992376
22.919141667842137
22.563680305990285
22.069106351866907
21.43846901836171
20.675656394343942
19.785371473301613
18.773103157822725
17.64509241868558
16.408293817198594
15.070332628017201
13.639457826789947
12.124491232480556
10.53477311792046
8.880104623920836
7.170687331980301
5.417060368142603
3.6300354257799388
1.820630107908071
1.6184084485795631
3.2268388708982125
4.815374758544962
6.374222259530686
7.893770560642411
9.364651141302692
10.77779553361434
12.124491232480553
13.39643541109606
14.585786110635334
15.68521058853648
16.68793052729749
17.587763825057692
18.379162710311462
19.057247945764377
19.61783891045364
20.05747937466653
20.373458808745895
20.563829094406803
20.62741653553361
20.563829094406803
20.37345880874589
20.05747937466653
19.61783891045364
19.057247945764377
18.379162710311466
17.587763825057696
16.68793052729749
15.685210588536478
14.585786110635336
13.396435411096064
12.124491232480555
10.777795533614341
9.364651141302696
7.8937705606424124
6.374222259530688
4.815374758544966
3.2268388708982143
1.6184084485795656
1.4062087629901447
2.8037477813445904
4.184000762286299
5.5384579872070745
6.858768776912549
8.136792976336293
9.364651141302694
10.534773117920457
11.639944715098693
12.673352182433948
13.62862421924725
14.499871255771453
15.281721764307346
15.969355376478132
16.5585326024034
17.045620968564005
17.42761741320925
17.7021668012312
17.86757644435575
17.922826537128756
17.86757644435575
17.702166801231197
17.42761741320925
17.045620968564005
16.5585326024034
15.969355376478134
15.281721764307349
14.499871255771453
13.628624219247248
12.67335218243395
11.639944715098697
10.534773117920459
9.364651141302696
8.136792976336297
6.85876877691255
5.538457987207076
4.184000762286302
2.803747781344592
1.406208762990147
1.1853393327650272
2.3633706543782322
3.526831010006702
4.668547279668161
5.78148040290096
6.858768776912548
7.893770560642412
8.880104623920834
9.811689889258348
10.682782823710609
11.488012849668925
12.222415456257107
12.88146280719189
13.46109165639928
13.957728399277762
14.368311105159014
14.690308395128671
14.92173504881911
15.061164243953154
15.107736353177891
15.061164243953154
14.921735048819107
14.690308395128671
14.368311105159014
13.957728399277762
13.461091656399283
12.881462807191893
12.222415456257107
11.488012849668925
10.682782823710609
9.81168988925835
8.880104623920836
7.8937705606424124
6.858768776912551
5.781480402900962
4.668547279668163
3.526831010006704
2.3633706543782336
1.185339332765029
0.9571618913880868
1.9084225614271388
2.8479171717600926
3.769853425700586
4.668547279668162
5.5384579872070745
6.374222259530687
7.170687331980299
7.922942732532747
8.62635055649332
9.276574060720463
9.86960440108936
10.401785348349037
10.869835829991516
11.270870159154892
11.602415825842426
11.862428740768866
12.049305837850623
12.161894957641248
12.199501950777549
12.161894957641248
12.049305837850621
11.862428740768866
11.602415825842426
11.270870159154892
10.86983582999152
10.401785348349039
9.86960440108936
9.276574060720463
8.626350556493321
7.922942732532749
7.170687331980301
6.374222259530688
5.538457987207077
4.668547279668163
3.769853425700587
2.8479171717600944
1.90842256142714
0.9571618913880884
0.7230832286621117
1.4417084087699483
2.151444977121023
2.8479171717600935
3.5268310100067035
4.1840007622863
4.815374758544965
5.417060368142602
5.985347999215274
6.516733969542604
7.007942107913759
7.4559439528123965
7.857977423888988
8.211563851104652
8.514523256556183
8.764987794764748
8.96141326856438
9.102588649591008
9.187643544675021
9.216053562104607
9.187643544675021
9.102588649591006
8.96141326856438
8.764987794764748
8.514523256556183
8.211563851104653
7.85797742388899
7.4559439528123965
7.007942107913758
6.516733969542605
5.985347999215276
5.417060368142603
4.815374758544966
4.184000762286302
3.526831010006704
2.8479171717600944
2.1514449771210242
1.4417084087699492
0.7230832286621128
0.4845465173818613
0.9661056443559959
1.4417084087699485
1.9084225614271395
2.363370654378233
2.8037477813445912
3.2268388708982143
3.6300354257799383
4.010851605152458
4.366939550635711
4.696103861634537
4.996315130713386
5.265722455568009
5.5026648504536535
5.705681486714506
5.873520699278137
6.005147703586888
6.099750975388778
6.156747254054365
6.175785138572492
6.156747254054365
6.099750975388776
6.005147703586888
5.873520699278137
5.705681486714506
5.502664850453654
5.26572245556801
4.996315130713386
4.696103861634536
4.366939550635712
4.0108516051524585
3.6300354257799388
3.2268388708982148
2.8037477813445926
2.3633706543782336
1.9084225614271402
1.4417084087699492
0.9661056443559964
0.48454651738186205
0.24302241569388414
0.4845465173818618
0.7230832286621125
0.957161891388088
1.1853393327650288
1.4062087629901465
1.6184084485795653
1.8206301079080704
2.011626977200376
2.1902214972443903
2.3553125734353393
2.5058823643901498
2.6410025572780507
2.759840091177864
2.8616622931756077
2.9458413955366467
3.011858406102534
3.059306308050247
3.087892569286249
3.0974409460041237
3.087892569286249
3.059306308050246
3.011858406102534
2.9458413955366467
2.8616622931756077
2.7598400911778644
2.641002557278051
2.5058823643901498
2.355312573435339
2.1902214972443907
2.0116269772003763
1.8206301079080707
1.6184084485795658
1.406208762990147
1.1853393327650292
0.9571618913880884
0.7230832286621129
0.48454651738186205
0.24302241569388452
