81
3.7698534257005845
7.1706873319802975
9.869604401089356
11.602415825842423
12.199501950777545
11.602415825842423
9.869604401089356
7.170687331980298
3.769853425700586
7.1706873319802975
13.639457826789943
18.77310315782272
22.069106351866903
23.204831651684845
22.069106351866903
18.77310315782272
13.639457826789945
7.1706873319803
9.869604401089358
18.77310315782272
25.83895977756749
30.375518983665145
31.93871075295626
30.375518983665145
25.83895977756749
18.773103157822725
9.869604401089362
11.602415825842423
22.069106351866903
30.375518983665142
35.70856417865684
37.54620631564544
35.70856417865684
30.375518983665142
22.069106351866907
11.602415825842424
12.199501950777545
23.204831651684845
31.93871075295626
37.54620631564544
39.47841760435743
37.54620631564544
31.93871075295626
23.20483165168485
12.199501950777549
11.602415825842423
22.069106351866903
30.375518983665145
35.70856417865685
37.54620631564544
35.70856417865685
30.375518983665145
22.069106351866907
11.602415825842426
9.869604401089358
18.77310315782272
25.83895977756749
30.375518983665145
31.93871075295626
30.375518983665145
25.83895977756749
18.773103157822725
9.869604401089362
7.170687331980299
13.639457826789945
18.773103157822725
22.069106351866907
23.20483165168485
22.069106351866907
18.773103157822725
13.639457826789947
7.170687331980301
3.769853425700586
7.170687331980299
9.86960440108936
11.602415825842426
12.199501950777549
11.602415825842426
9.86960440108936
7.170687331980301
3.769853425700587
